f (N),th1 (rad),w1 (rad/s),th2 (rad),w2 (rad/s),x (m),vx (m/s),a1 (rad/s^2),a2 (rad/s^2),ax (m/s^2)
3.3517637380049763,6.256288027999346,-1.6077838998766198,5.450872182926044,0.6193338274867592,0.0,0.0,-0.7501150373486272,14.080662440719383,4.234428913420595
3.3517637380049763,6.240210189000579,-1.6152850502501062,5.457065521200911,0.7601404518939531,0.0,0.042344289134205945,-0.6257983626779494,14.312845507183953,4.463260822849461
3.3517637380049763,6.224057338498078,-1.6215430338768857,5.46466692571985,0.9032689069657927,0.00042344289134205946,0.08697689736270056,-0.5115272924743101,14.553239877206451,4.704353286211042
3.3517637380049763,6.207841908159309,-1.6266583068016287,5.473699614789508,1.0488013057378571,0.0012932118649690652,0.13402043022481097,-0.4067968151593921,14.80145389604819,4.956970143072864
3.3517637380049763,6.191575325091293,-1.6307262749532225,5.484187627846887,1.196815844698339,0.002633416167217175,0.1835901316555396,-0.31062527085483627,15.056616256001142,5.220168004062164
3.3517637380049763,6.17526806234176,-1.633832527661771,5.49615578629387,1.3473820072583504,0.004469317483772571,0.23579181169616126,-0.22139488489815798,15.317281089825082,5.4927665868414275
3.3517637380049763,6.158929737065143,-1.6360464765107525,5.509629606366453,1.5005548181566013,0.006827235600734184,0.29071947756457556,-0.13665625189312652,15.581331802911711,5.773319550098237
3.3517637380049763,6.142569272300035,-1.6374130390296837,5.52463515454802,1.6563681361857183,0.00973443037637994,0.34845267306555794,-0.05289468334052019,15.845890589058213,6.060088823867665
3.3517637380049763,6.126195141909738,-1.6379419858630888,5.541198835909877,1.8148270420763004,0.01321895710703552,0.4090535613042346,0.03473963654446953,16.107242878636843,6.351026003976965
3.3517637380049763,6.109815722051107,-1.637594589497644,5.55934710633064,1.975899470862669,0.017309492720077865,0.4725638213440042,0.13272870467071135,16.36078742651177,6.643764193530701
3.3517637380049763,6.0934397761561305,-1.6362673024509369,5.579106101039267,2.139507345127787,0.02203513093351791,0.5390014632793112,0.24949086693034234,16.60102192258234,6.935621941409424
3.3517637380049763,6.0770771031316215,-1.6337723937816335,5.600501174490545,2.30551756435361,0.02742514556631102,0.6083576826934054,0.3956559122840452,16.821568822178765,7.223616587525895
3.3517637380049763,6.060739379193805,-1.629815834658793,5.6235563501340815,2.4737332525753977,0.03350872239324507,0.6805938485686643,0.5842536495858113,17.015234180873357,7.504476302725383
3.3517637380049763,6.044441220847217,-1.623973298162935,5.648293682659835,2.6438855943841313,0.040314660878931714,0.7556386115959182,0.8307335368683968,17.174072109183783,7.774627988246071
3.3517637380049763,6.028201487865587,-1.615665962794251,5.674732538603676,2.8156263154759693,0.04787104699489089,0.8333848914783789,1.1527084595595067,17.289400618347592,8.03012347555991
3.3517637380049763,6.012044828237645,-1.6041388781986559,5.702888801758435,2.988520321659445,0.05620489590967468,0.913686126233978,1.5693000026616397,17.351689161567105,8.26645434069225
3.3517637380049763,5.9960034394556585,-1.5884458781720394,5.73277400497503,3.162037213275116,0.06534175717201446,0.9963506696409006,2.0999680294625627,17.35023173851539,8.478206550764302
3.3517637380049763,5.9801189806739385,-1.5674461978774137,5.764394377107782,3.3355395306602698,0.07530526386842347,1.0811327351485436,2.7627491472631913,17.272558739185186,8.658535192647044
3.3517637380049763,5.9644445186951645,-1.5398187064047817,5.7977497724143845,3.5082651180521216,0.0861165912199089,1.1677180870750141,3.571919489432844,17.10365207866599,8.798511008462901
3.3517637380049763,5.949046331631116,-1.5040995115104532,5.832832423594906,3.6793016388387816,0.09779377209065904,1.255703197159643,4.535239551707133,16.825215535629283,8.886505715272945
3.3517637380049763,5.9340053365160115,-1.4587471159933818,5.8696254399832934,3.8475537941950746,0.11035080406225548,1.3445682543123725,5.651115553136554,16.41546782188251,8.907914415004438
3.3517637380049763,5.919417865356078,-1.4022359604620163,5.908100977925244,4.0117084724139,0.1237964866053792,1.433647398462417,6.906181408628299,15.850055051860805,8.845595384125426
3.3517637380049763,5.905395505751457,-1.3331741463757332,5.948218062649383,4.170209022932507,0.13813296059000338,1.522103352303671,8.273906118193567,15.104570555826506,8.681352768861432
3.3517637380049763,5.8920637642877,-1.2504350851937975,5.9899201528787085,4.321254728490772,0.1533539941130401,1.6089168799922855,9.714797418313779,14.158726675307253,8.39853599462096
3.3517637380049763,5.8795594134357625,-1.1532871110106597,6.033132700163616,4.462841995243845,0.16944316291296296,1.6929022399384952,11.178560083843427,13.001518038624203,7.985412317158119
3.3517637380049763,5.868026542325656,-1.0415015101722254,6.077761120116055,4.592857175630087,0.18637218531234792,1.7727563631100764,12.60818336025571,11.636035392498835,7.438539085556488
3.3517637380049763,5.857611527223933,-0.9154196765696683,6.123689691872356,4.709217529555075,0.20409974894344868,1.8471417539656414,13.945455204856941,10.082323227437584,6.765143624831865
3.3517637380049763,5.848457330458237,-0.7759651245210989,6.170781867167906,4.810040761829451,0.2225711664831051,1.91479319021396,15.136976901404449,8.37707603833025,5.983677673746134
3.3517637380049763,5.840697679213026,-0.6245953555070544,6.218882274786201,4.893811522212753,0.2417190983852447,1.9746299669514213,16.139547124001666,6.5699445602633215,5.122234978871256
3.3517637380049763,5.834451725657956,-0.46319988426703773,6.267820390008328,4.959510967815387,0.2614653980547589,2.025852316740134,16.923907234703016,4.717343295420878,4.21518911065324
3.3517637380049763,5.829819726815285,-0.29396081192000756,6.317415499686482,5.006684400769595,0.2817239212221602,2.0680042078466667,17.476266066663243,2.8753936276015994,3.29892508128318
3.3517637380049763,5.826880118696085,-0.11919815125337513,6.367482343694178,5.035438337045611,0.3024039633006269,2.1009934586594987,17.797593946404387,1.0937077463648726,2.4076966111547438
3.3517637380049763,5.825688137183551,0.05877778821066873,6.417836727064634,5.04637541450926,0.3234138978872219,2.1250704247710464,17.901177670760042,-0.5888078234581381,1.570431948772771
3.3517637380049763,5.826275915065658,0.23778956491826916,6.4683004812097264,5.040487336274679,0.3446646021349324,2.140774744258774,17.809201583544137,-2.145737324121509,0.808893162031989
3.3517637380049763,5.82865381071484,0.4158815807537105,6.518705354572473,5.019029963033464,0.3660723495775201,2.148863675879094,17.549127912514606,-3.562824397389732,0.1371723041401983
3.3517637380049763,5.832812626522378,0.5913728598788566,6.568895654202808,4.983401719059567,0.38756098633631103,2.150235398920496,17.15046450028809,-4.836201756080397,-0.43777540568862133
3.3517637380049763,5.8387263551211666,0.7628775048817376,6.618729671393403,4.935039701498763,0.409063340325516,2.14585764486361,16.64224729239982,-5.969926591058314,-0.914968002541908
3.3517637380049763,5.846355130169984,0.9292999778057358,6.668080068408391,4.875340435588179,0.4305219167741521,2.136707964838191,16.05132752122383,-6.973425139045603,-1.2979788513156763
3.3517637380049763,5.855648129948041,1.089813253017974,6.7168334727642725,4.805606184197723,0.451888996422534,2.1237281763250344,15.401390689106778,-7.859229823928759,-1.5935395761827753
3.3517637380049763,5.866546262478221,1.2438271599090418,6.76488953460625,4.727013885958435,0.47312627818578434,2.107792780563207,14.71255304830842,-8.641186965514347,-1.8103251520001724
3.3517637380049763,5.878984534077311,1.390952690392126,6.8121596734658345,4.6406020163032915,0.4942042059914164,2.089689529043205,14.001362714786046,-9.333165226741242,-1.9579885178990193
3.3517637380049763,5.892894060981233,1.5309663175399866,6.858565693628868,4.547270364035879,0.5151011012818485,2.070109643864215,13.281051285118519,-9.948210038625641,-2.0464490364291756
3.3517637380049763,5.908203724156633,1.6637768303911717,6.904038397269226,4.447788263649622,0.5358021977204906,2.049645153499923,12.561916266935745,-10.498053695505638,-2.085404593989724
3.3517637380049763,5.924841492460544,1.7893959930605292,6.948516279905722,4.3428077266945655,0.5562986492554899,2.028791107560026,11.85175080619337,-10.992886609677482,-2.084023392783674
3.3517637380049763,5.942735452391149,1.9079135011224628,6.991944357172668,4.232878860597791,0.5765865603310901,2.007950873632189,11.156268064170058,-11.441307094752322,-2.0507704471494868
3.3517637380049763,5.961814587402374,2.0194761817641633,7.034273145778646,4.118465789650267,0.596666069067412,1.987443169160694,10.47949087095459,-11.850384707020075,-1.993329189197695
3.3517637380049763,5.982009349220016,2.124271090473709,7.075457803675149,3.9999619425800668,0.616540500759019,1.967509877268717,9.824093266631975,-12.225789798007874,-1.9185863199589328
3.3517637380049763,6.003252060124753,2.222512023140029,7.115457423100949,3.877704044599988,0.6362155995317061,1.9483240140691276,9.191690623199941,-12.571956867780262,-1.8326558257310144
3.3517637380049763,6.0254771803561535,2.3144289293720286,7.154234463546949,3.7519844759221854,0.6556988396723974,1.9299974558118174,8.583080815044267,-12.892260790960568,-1.740924856054183
3.3517637380049763,6.0486214696498735,2.4002597375224712,7.191754308306171,3.62306186801258,0.6749988142305156,1.9125882072512754,7.998441773503654,-13.189193203961958,-1.6481095977200688
3.3517637380049763,6.072624067025099,2.4802441552575076,7.227984926986297,3.49116993597296,0.6941246963030283,1.8961071112740748,7.437491797786373,-13.46453186215885,-1.5583134196955453
3.3517637380049763,6.097426508577674,2.5546190732353713,7.262896626346026,3.3565246173513716,0.713085767415769,1.8805239770771194,6.899618960646234,-13.719499245244029,-1.475082603429185
3.3517637380049763,6.1229726993100275,2.6236152628418337,7.29646187251954,3.2193296248989314,0.7318910071865402,1.8657731510428275,6.383985347495421,-13.954908691457797,-1.4014571442572847
3.3517637380049763,6.149208851938446,2.6874551163167877,7.328655168768529,3.0797805379843535,0.7505487386969685,1.8517585796002547,5.88961101998051,-14.171297353304043,-1.3400156241936958
3.3517637380049763,6.176083403101614,2.746351226516593,7.359452974148373,2.938067564451313,0.7690663244929711,1.8383584233583177,5.4154416901789455,-14.36904565710469,-1.2929141841374878
3.3517637380049763,6.20354691536678,2.8005056434183824,7.388833649792886,2.794377107880266,0.7874499087265543,1.8254292815169428,4.960403237844811,-14.548482991663958,-1.2619202903979396
3.3517637380049763,6.231551971800964,2.8501096757968303,7.416777420871689,2.6488922779636264,0.8057042015417237,1.8128100786129635,4.523445457559809,-14.70997924771636,-1.2484423849321342
3.3517637380049763,6.260053068558932,2.8953441303724285,7.443266343651326,2.5017924854864626,0.8238323023278533,1.8003256547636421,4.103576810794807,-14.854021719682056,-1.2535566915067349
3.3517637380049763,6.289006509862657,2.936379898480377,7.46828426850619,2.353252268289642,0.8418355588754898,1.7877900878485748,3.6998914858028,-14.981276854584967,-1.2780324637390843
3.3517637380049763,6.31837030884746,2.973378813338405,7.491816791189087,2.2034394997437925,0.8597134597539755,1.775009763211184,3.31158972919917,-15.09263643698578,-1.3223568385244426
3.3517637380049763,6.348104096980844,3.0064947106303967,7.513851186186525,2.0525131353739345,0.8774635573860874,1.7617861948259397,2.93799219124821,-15.189248043357173,-1.3867602290610617
3.3517637380049763,6.378169044087148,3.0358746325428787,7.534376317540264,1.9006206549403628,0.8950814193343468,1.747918592535329,2.578548899794862,-15.27252996301691,-1.4712428850468318
3.3517637380049763,6.408527790412577,3.0616601215408275,7.553382524089668,1.7478953553101937,0.9125606052597001,1.7332061636848608,2.2328434183155332,-15.344171220069198,-1.5756028945297593
3.3517637380049763,6.439144391627985,3.083988555723983,7.57086147764277,1.5944536431095018,0.9298926668965487,1.7174501347395632,1.9005927220716394,-15.406117781493542,-1.6994655337443465
3.3517637380049763,6.469984277185225,3.1029944829446996,7.586806014073865,1.4403924652945663,0.9470671682439443,1.7004554794021198,1.5816433130991852,-15.460546435819387,-1.8423135176285974
3.3517637380049763,6.501014222014672,3.1188109160756916,7.601209938726811,1.2857870009363725,0.9640717230379655,1.6820323442258338,1.2759640623377433,-15.509828115852402,-2.0035173894048763
3.3517637380049763,6.532202331175429,3.131570556699069,7.614067808736174,1.1306887197778486,0.9808920464802239,1.661997170331785,0.9836361925299784,-15.556482573393968,-2.1823650300052586
3.3517637380049763,6.56351803674242,3.141406918624369,7.625374695933953,0.9751238940439089,0.9975120181835417,1.6401735200317324,0.7048406812252056,-15.603126270033053,-2.3780890755073933
3.3517637380049763,6.594932105928664,3.148455325436621,7.6351259348743925,0.8190926313435783,1.0,0.0,1.2768893627567113,-15.421951320115049,-2.285448614459381
3.3517637380049763,6.626416659183031,3.161224219064188,7.643316861187828,0.6648731181424279,1.0,-0.02285448614459381,1.0266233245800371,-15.467821646088883,-2.5188927201432296
3.3517637380049763,6.658028901373672,3.1714904523099885,7.649965592369252,0.510194901681539,0.999771455138554,-0.048043413346026104,0.7911311870812514,-15.520617959179491,-2.767808029098068
3.3517637380049763,6.689743805896772,3.1794017641808012,7.655067541386067,0.3549887220897441,0.9992910210050938,-0.07572149363700678,0.5708043106569591,-15.582636441638604,-3.03129837486334
3.3517637380049763,6.72153782353858,3.185109807287371,7.658617428606965,0.19916235767335805,0.9985338060687238,-0.10603447738564017,0.3660154146365114,-15.655957347548153,-3.308455477090726
3.3517637380049763,6.753388921611454,3.188769961433736,7.660609052183698,0.042602784197876525,0.9974734612948674,-0.13911903215654742,0.17707682863781662,-15.742369713115195,-3.5983466868840766
3.3517637380049763,6.785276621225791,3.190540729720114,7.661035080025677,-0.11482091293327543,0.9960822709733019,-0.1751024990253882,0.004188262679175125,-15.843290851033691,-3.8999907430115166
3.3517637380049763,6.817182028522993,3.1905826123469057,7.659886870896344,-0.2732538214436123,0.994331245983048,-0.21410240645550335,-0.1526290240745673,-15.95967956854682,-4.212320133054294
3.3517637380049763,6.849087854646462,3.18905632210616,7.657154332681907,-0.4328506171290805,0.9921902219184929,-0.2562256077860463,-0.29361519190960833,-16.091942235556992,-4.534128762864138
3.3517637380049763,6.8809784178675235,3.186120170187064,7.652825826510616,-0.5937700394846505,0.9896279658406325,-0.3015668954146877,-0.4193756227288208,-16.23983140140516,-4.864003848711399
3.3517637380049763,6.912839619569394,3.1819264139597756,7.64688812611577,-0.756168353498702,0.9866122968864857,-0.3502069339018017,-0.5310089439821648,-16.402337691949295,-5.200241317415663
3.3517637380049763,6.944658883708992,3.176616324519954,7.639326442580783,-0.920191730418195,0.9831102275474677,-0.40220934707595835,-0.630261575797082,-16.577577255198563,-5.54074459604693
3.3517637380049763,6.9764250469541915,3.1703137087619835,7.630124525276601,-1.0859675029701807,0.9790881340767081,-0.45761679303642766,-0.7197088133025946,-16.762679038507095,-5.8829075563435795
3.3517637380049763,7.008128184041811,3.1631166206289576,7.6192648502469,-1.2535942933552517,0.9745119661463438,-0.5164458685998634,-0.8029584338717066,-16.95367852975654,-6.2234835929889885
3.3517637380049763,7.039759350248101,3.1550870362902406,7.6067289073133475,-1.423131078652817,0.9693475074603451,-0.5786807045297533,-0.8848664840959379,-17.145426965784903,-6.558444369203343
3.3517637380049763,7.071310220611004,3.146238371449281,7.59249759652682,-1.594585348310666,0.9635607004150476,-0.6442651482217867,-0.9717457679667095,-17.331526895705778,-6.882833632020877
3.3517637380049763,7.102772604325496,3.1365209137696137,7.576551743043713,-1.7679006172677239,0.9571180489328297,-0.7130934845419955,-1.071535509075204,-17.5043057389102,-7.190623652475657
3.3517637380049763,7.134137813463193,3.1258055586788616,7.558872736871036,-1.9429436746568258,0.9499871140874098,-0.7849997210667521,-1.1938863846680956,-17.654838024855206,-7.474584335478049
3.3517637380049763,7.1653958690499815,3.1138666948321805,7.539443300124468,-2.1194920549053777,0.9421371168767423,-0.8597455644215326,-1.3501006992454325,-17.77302426632273,-7.726178161154954
3.3517637380049763,7.196534535998303,3.100365687839726,7.5182483795754145,-2.297222297568605,0.933539661232527,-0.9370073460330821,-1.5528569074932974,-17.847730899697932,-7.935498561095938
3.3517637380049763,7.2275381928767,3.084837118764793,7.495276156599728,-2.475699606565584,0.9241695877721962,-1.0163623316440416,-1.815647238232269,-17.866993963337453,-8.091276211815808
3.3517637380049763,7.258386564064348,3.06668064638247,7.470519160534073,-2.6543695461989585,0.9140059644557558,-1.0972750937621996,-2.1518746231727386,-17.81829297893739,-8.180988096612746
3.3517637380049763,7.289053370528173,3.0451619001507426,7.443975465072083,-2.8325524759883325,0.9030332135181338,-1.179084974728327,-2.57359781804362,-17.688914106661485,-8.19111772330641
3.3517637380049763,7.31950498952968,3.0194259219703063,7.4156499403122,-3.0094416170549474,0.8912423637708505,-1.260996151961391,-3.089984557177094,-17.466442100957778,-8.10762773705958
3.3517637380049763,7.349699248749383,2.9885260763985353,7.38555552414165,-3.184106038064525,0.8786324022512366,-1.3420724293319868,-3.7056257069845753,-17.139439426345394,-7.916708946702244
3.3517637380049763,7.379584509513369,2.9514698193286897,7.353714463761005,-3.355500432327979,0.8652116779579168,-1.4212395187990092,-4.418959621564592,-16.69836880395443,-7.605848031836657
3.3517637380049763,7.409099207706656,2.9072802231130437,7.320159459437725,-3.522484120367523,0.8509992827699266,-1.4972979991173758,-5.221123732476895,-16.13676977820793,-7.165196089268025
3.3517637380049763,7.438172009937786,2.8550689857882747,7.2849346182340495,-3.6838518181496025,0.8360263027787529,-1.568949960010056,-6.095553582805431,-15.452600391363028,-6.589119867977852
3.3517637380049763,7.466722699795669,2.7941134499602205,7.248096100052553,-3.838377822063233,0.8203368031786523,-1.6348411586898346,-7.018562055692796,-14.649522241184467,-5.877698987704929
3.3517637380049763,7.494663834295271,2.7239278294032925,7.209712321831921,-3.9848730444750777,0.803988391591754,-1.693618148566884,-7.960954777009059,-13.737797607888263,-5.0378431084324795
3.3517637380049763,7.521903112589304,2.644318281633202,7.16986359138717,-4.122251020553961,0.7870522101060851,-1.7439965796512087,-8.89050980312284,-12.734452312439167,-4.083698730385098
3.3517637380049763,7.548346295405636,2.5554131836019733,7.12864108118163,-4.249595543678352,0.769612244309573,-1.7848335669550597,-9.774938775169527,-11.662480523421094,-3.036127900331285
4.35323318353748,7.573900427241656,2.4576637958502783,7.086145125744847,-4.366220348912563,0.7517639086400224,-1.8151948459583724,-10.455654857951568,-10.495863656786662,-1.5598475999291417
4.35323318353748,7.598477065200159,2.3531072472707626,7.042482922255721,-4.47117898548043,0.7336119601804387,-1.8307933219576638,-11.178559096448987,-9.379274093366089,-0.41487019291411836
4.35323318353748,7.622008137672867,2.2413216563062726,6.997771132400917,-4.5649717264140905,0.715304026960862,-1.8349420238868048,-11.784948036780008,-8.277606676287151,0.7394407062634599
4.35323318353748,7.64442135423593,2.1234721759384723,6.9521214151367765,-4.647747793176962,0.6969546067219939,-1.8275476168241702,-12.264933522134399,-7.215945957500242,1.8750206038008896
4.35323318353748,7.665656075995314,2.0008228407171282,6.9056439372050065,-4.719907252751964,0.6786791305537523,-1.8087974107861613,-12.615712114165568,-6.214613755965348,2.9673391628988246
4.35323318353748,7.6856643044024855,1.8746657195754726,6.8584448646774865,-4.782053390311618,0.6605911564458907,-1.779124019157173,-12.840539554337042,-5.288276426818575,3.996575892111037
4.35323318353748,7.70441096159824,1.7462603240321022,6.81062433077437,-4.834936154579804,0.642799916254319,-1.7391582602360627,-12.94732777798011,-4.445830887335319,4.948084797654057
4.35323318353748,7.721873564838561,1.616787046252301,6.762274969228573,-4.879394463453157,0.6254083336519584,-1.6896774122595222,-12.947146143317623,-3.6908977911739855,5.812257772114705
4.35323318353748,7.738041435301084,1.4873155848191248,6.713481024594041,-4.916303441364897,0.6085115595293631,-1.631554834538375,-12.852838980080461,-3.022691543323666,6.583966389364549
4.35323318353748,7.752914591149275,1.3587871950183201,6.664317990180392,-4.946530356798133,0.5921960111839794,-1.5657151706447294,-12.677884983373467,-2.4370468891883714,7.26177173096978
4.35323318353748,7.766502463099458,1.2320083451845854,6.614852686612411,-4.970900825690017,0.576538859477532,-1.4930974533350316,-12.435546172514615,-1.9274320904523403,7.847062086465044
4.35323318353748,7.778822546551305,1.1076528834594392,6.565143678355511,-4.990175146594541,0.5616078849441817,-1.4146268324703812,-12.13829800943587,-1.485841367917071,8.343231412790935
4.35323318353748,7.7898990753858985,0.9862699033650806,6.515241926889566,-5.005033560273711,0.5474616166194779,-1.3311945183424718,-11.797499882880697,-1.1035155657761744,8.754964317832949
4.35323318353748,7.799761774419549,0.8682949045362736,6.465191591286828,-5.016068715931473,0.5341496714360532,-1.2436448751641422,-11.423252240195024,-0.7714813212903063,9.08765531203873
4.35323318353748,7.808444723464912,0.7540623821343233,6.415030904127514,-5.023783529144376,0.5217132226844118,-1.152768322043755,-11.024386751892271,-0.48092436232245994,9.34696401459126
4.35323318353748,7.815985347286255,0.6438185146154006,6.36479306883607,-5.028592772767601,0.5101855394639743,-1.0592986818978425,-10.6085430531487,-0.22342481118824117,9.53849289499005
4.35323318353748,7.822423532432409,0.5377330840839136,6.314507141108394,-5.030827020879483,0.49959255264499586,-0.963913752947942,-10.182295425479772,0.008914341799983027,9.667567327522049
4.35323318353748,7.827800863273248,0.4359101298291159,6.264198870899599,-5.030737877461483,0.48995341511551643,-0.8672380796727215,-9.751302559923719,0.22341636331092093,9.73909638701715
4.35323318353748,7.83215996457154,0.33839710422987873,6.213891492124985,-5.028503713828374,0.4812810343187892,-0.7698471158025499,-9.320461926970518,0.42683262351149526,9.757494565172637
4.35323318353748,7.835543935613838,0.24519248496017354,6.1636064549867005,-5.024235387593259,0.4735825631607637,-0.6722721701508235,-8.894056808390683,0.6253772745801365,9.72664777035964
4.35323318353748,7.83799586046344,0.15625191687626672,6.113364101110768,-5.017981614847457,0.46685984145925546,-0.5750056924472271,-8.475888766296888,0.8247795023962731,9.649910546973473
4.35323318353748,7.839558379632203,0.07149302921329782,6.063184284962293,-5.009733819823494,0.4611097845347832,-0.4785065869774924,-8.069391511876896,1.030341926027362,9.530124838923557
4.35323318353748,7.840273309924336,-0.009200885905471134,6.013086946764058,-4.99943040056322,0.45632471866500823,-0.3832053385882568,-7.67772413655592,1.2469966488246407,9.369653561667494
4.35323318353748,7.840181301065281,-0.08597812727103034,5.963092642758426,-4.986960434074974,0.4524926652791257,-0.2895088029715818,-7.303842814741718,1.4793525638289045,9.170424656238467
4.35323318353748,7.839321519792571,-0.1590165554184475,5.913223038417676,-4.972166908436685,0.44959757724940985,-0.19780455640919714,-6.950550666429154,1.7317289448911013,8.933983186851215
4.35323318353748,7.837731354238386,-0.22852206208273906,5.863501369333309,-4.954849618987773,0.4476195316853179,-0.108464724540685,-6.620525715086749,2.0081713081915216,8.6615504548206
4.35323318353748,7.835446133617559,-0.29472731923360657,5.813952873143432,-4.934767905905858,0.446534884439911,-0.02184921999247899,-6.316326982751624,2.3124462124795815,8.354090079706852
4.35323318353748,7.832498860425223,-0.3578905890611228,5.764605194084373,-4.911643443781062,0.4463163922399862,0.06169168080458953,-6.040378888174838,2.648012288625512,8.012381570422138
4.35323318353748,7.828919954534611,-0.41829437794287117,5.715488759646562,-4.885163320894807,0.4469333090480321,0.14181549650881092,-5.79493438842032,3.017965557358201,7.637102077646503
4.35323318353748,7.824737010755182,-0.47624372182707436,5.666637126437614,-4.8549836653212255,0.4483514640131202,0.21818651728527594,-5.582017840844999,3.424958208837412,7.2289167668770125
4.35323318353748,7.8199745735369115,-0.5320639002355243,5.618087289784402,-4.820734083232852,0.45053332918597294,0.2904756849540461,-5.403349445599505,3.8710916577101617,6.788577551826479
4.35323318353748,7.814653934534556,-0.5860973946915193,5.569879948952074,-4.78202316665575,0.4534380860355134,0.3583614604723109,-5.260254403674358,4.357786981403,6.317028763663939
4.35323318353748,7.808792960587641,-0.6386999387282629,5.522059717285516,-4.7384452968417206,0.4570217006402365,0.4215317481089503,-5.153561576493107,4.885638833625426,5.815516723118331
4.35323318353748,7.802405961200359,-0.690235554493194,5.474675264317098,-4.689588908505466,0.461237018121326,0.4796869153401336,-5.0834983588082325,5.454262488141728,5.2856982207242975
4.35323318353748,7.795503605655426,-0.7410705380812763,5.427779375232044,-4.635046283624049,0.46603388727472733,0.5325438975473765,-5.049590467621712,6.062147496349365,4.729740789814522
4.35323318353748,7.788092900274614,-0.7915664427574934,5.381428912395803,-4.574424808660555,0.4713593262502011,0.5798413054455217,-5.0505770791643325,6.706534985179825,4.150405696282628
4.35323318353748,7.780177235847039,-0.8420722135491367,5.3356846643091975,-4.507359458808756,0.4771577393046563,0.621345362408348,-5.0843527873171785,7.38333810332908,3.551103206982041
4.35323318353748,7.771756513711548,-0.8929157414223086,5.29061106972111,-4.433526077775466,0.4833711929287398,0.6568563944781685,-5.147947741378132,8.087125631671709,2.9359094445603957
4.35323318353748,7.762827356297325,-0.9443952188360899,5.246275808943356,-4.352654821458748,0.4899397568735215,0.6862154889237724,-5.23755563761279,8.811186441780185,2.3095354717584278
4.35323318353748,7.7533834041089635,-0.9967707752122178,5.202749260728768,-4.2645429570409465,0.49680191176275923,0.7093108436413567,-5.3486157668669305,9.547686757393086,1.6772424806460335
4.35323318353748,7.743415696356841,-1.050256932880887,5.1601038311583585,-4.169066089467016,0.5038950201991728,0.726083268447817,-5.4759501634297765,10.287923086091379,1.0447020675180279
4.35323318353748,7.7329131270280325,-1.1050164345151847,5.118413170263688,-4.066186858606102,0.511155852883651,0.7365302891229973,-5.613950573453479,11.022662090399955,0.4178070765359207
4.35323318353748,7.721862962682881,-1.1611559402497196,5.077751301677627,-3.955960237702102,0.5185211557748809,0.7407083598883566,-5.7568033788231245,11.742546241290482,-0.19755454724948418
4.35323318353748,7.710251403280384,-1.2187239740379507,5.038191699300606,-3.8385347752891974,0.5259282393737644,0.7387328144158618,-5.898734944828502,12.438533113861281,-0.7957443152411116
4.35323318353748,7.698064163540004,-1.2777113234862358,4.999806351547714,-3.7141494441505847,0.5333155675179231,0.7307753712634507,-6.0342562724003015,13.102328997179708,-1.3716135831566276
4.35323318353748,7.685287050305142,-1.338053886210239,4.962664857106208,-3.5831261541787875,0.5406233212305576,0.7170592354318844,-6.158385174132981,13.72677588599176,-1.9207163401024943
4.35323318353748,7.67190651144304,-1.3996377379515688,4.92683359556442,-3.44585839531887,0.5477939135848764,0.6978520720308595,-6.2668267229894274,14.306155558130312,-2.439473648538941
4.35323318353748,7.657910134063524,-1.4623060051814631,4.8923750116112315,-3.302796839737567,0.554772434305185,0.6734573355454702,-6.356098018830887,14.836384577987316,-2.9252747851823666
4.35323318353748,7.64328707401171,-1.525866985369772,4.859347043213856,-3.154432993957694,0.5615070076606397,0.6442045876936465,-6.423590361739703,15.3150877261168,-3.376507946434319
4.35323318353748,7.6280284041580115,-1.590102888987169,4.827802713274279,-3.001282116696526,0.5679490535375761,0.6104395082293034,-6.467569371914645,15.741551865856032,-3.792521700053158
4.35323318353748,7.61212737526814,-1.6547785827063153,4.797789892107313,-2.8438665980379656,0.5740534486198691,0.5725142912287718,-6.487120145477083,16.11657498174773,-4.17352568783624
4.35323318353748,7.595579589441077,-1.719649784161086,4.7693512261269335,-2.682700848220488,0.5797785915321568,0.5307790343504094,-6.482049220621425,16.442234112629308,-4.520444293570612
4.35323318353748,7.578383091599466,-1.7844702763673004,4.742524217644728,-2.518278507094195,0.585086381875661,0.48557459141470327,-6.452757507166733,16.721600269355285,-4.834739566485706
4.35323318353748,7.560538388835793,-1.8489978514389678,4.717341432573787,-2.3510625044006424,0.589942127789808,0.4372271957498462,-6.400098490784579,16.958428371499938,-5.1182197294563805
4.35323318353748,7.542048410321404,-1.9129988363468136,4.69383080752978,-2.181478220685643,0.5943143997473065,0.3860449984552824,-6.325234444511056,17.156846770726442,-5.372847668913411
4.35323318353748,7.522918421957936,-1.976251180791924,4.6720160253229235,-2.0099097529783787,0.5981748497318593,0.3323165217661483,-6.229500747694449,17.321065464729603,-5.60056070401814
4.35323318353748,7.503155910150016,-2.0385461882688687,4.65191692779314,-1.8366990983310827,0.6014980149495208,0.27631091472596686,-6.114285416867682,17.45511606333945,-5.80310948245365
4.35323318353748,7.482770448267328,-2.0996890424375456,4.633549936809829,-1.6621479376976882,0.6042611240967805,0.21827981990143036,-5.980928155096449,17.562631089801908,-5.981920714622753
4.35323318353748,7.461773557842952,-2.15949832398851,4.616928457432852,-1.486521626799669,0.6064439222957948,0.15846061275520285,-5.830640991552161,17.646666019678925,-6.137986072152962
4.35323318353748,7.440178574603067,-2.2178047339040314,4.602063241164855,-1.3100549666028798,0.6080285284233469,0.09708075203367322,-5.66445107641055,17.70956489692725,-6.271778136616201
4.35323318353748,7.418000527264026,-2.274449244668137,4.588962691498827,-1.1329593176336072,0.6089993359436836,0.034362970667511206,-5.483165414905756,17.752869394245568,-6.383193782242045
4.35323318353748,7.395256034817345,-2.3292808988171947,4.57763309832249,-0.9554306236911516,0.6093429656503587,-0.029468967154909237,-5.287357143832391,17.77727151893519,-6.471525648470133
4.35323318353748,7.371963225829173,-2.3821544702555184,4.568078792085578,-0.7776579085017997,0.6090482759788096,-0.09418422363961057,-5.0773731697752655,17.782611344707746,-6.535463128109516
4.35323318353748,7.348141681126618,-2.432928201953271,4.56030221300056,-0.5998317950547223,0.6081064337424135,-0.15953885492070574,-4.853363348649424,17.76792258922325,-6.573125205858332
4.35323318353748,7.323812399107085,-2.4814618354397653,4.554303895050013,-0.4221525691624898,0.6065110451932064,-0.22527010697928906,-4.615331613247852,17.73152988680483,-6.582128111054192
4.35323318353748,7.298997780752687,-2.5276151515722436,4.550082369358388,-0.2448372702944415,0.6042583441234135,-0.291091388089831,-4.363209268633626,17.671201515660417,-6.559690646759101
4.35323318353748,7.273721629236965,-2.5712472442585796,4.547633996655444,-0.06812525513783732,0.6013474302425152,-0.356688294557422,-4.096949822512274,17.58435945894552,-6.502778792932214
4.35323318353748,7.248009156794379,-2.612216742483702,4.546952744104066,0.10771833945161788,0.5977805472969411,-0.4217160824867442,-3.8166430276783996,17.46834451854617,-6.408288431339547
4.35323318353748,7.221886989369542,-2.650383172760486,4.548029927498582,0.2824017846370796,0.5935633864720736,-0.4857989668001397,-3.5226432671957166,17.32072764993913,-6.273260717938655
4.35323318353748,7.195383157641937,-2.685609605432443,4.550853945344953,0.4556090611364709,0.5887053968040722,-0.5485315739795262,-3.2157042237799733,17.139650244350996,-6.095119031453137
4.35323318353748,7.168527061587613,-2.717766647670243,4.555410035956317,0.6270055635799809,0.5832200810642769,-0.6094827642940576,-2.897108447304781,16.92416702392336,-5.8719103438304
4.35323318353748,7.141349395110911,-2.746737732143291,4.561680091592117,0.7962472338192146,0.5771252534213364,-0.6682018677323616,-2.5687777546741044,16.674557566049177,-5.602528567073986
4.35323318353748,7.113882017789478,-2.772425509690032,4.5696425639303095,0.9629928094797063,0.5704432347440127,-0.7242271534031014,-2.2333493130331106,16.392568697983215,-5.286894506950282
4.35323318353748,7.086157762692578,-2.794759002820363,4.5792724920251064,1.1269184964595385,0.5632009632099817,-0.7770960984726042,-1.8942036363826256,16.081552342720176,-4.926067968920858
4.35323318353748,7.058210172664374,-2.8137010391841892,4.590541676989702,1.2877340198867402,0.5554300022252556,-0.8263567781618127,-1.5554350239247616,15.746473009552856,-4.522273148490348
4.35323318353748,7.030073162272532,-2.829255389423437,4.603419017188569,1.4451987499822687,0.5471664344436376,-0.8715795096467163,-1.22176193683089,15.393775333285706,-4.078828411630397
4.35323318353748,7.001780608378298,-2.8414730087917457,4.617871004688392,1.5991365033151257,0.5384506393471704,-0.9123677937630202,-0.8983833754161096,15.031122124532018,-3.599984343456072
4.35323318353748,6.97336587829038,-2.8504568425459067,4.633862369721543,1.7494477245604458,0.5293269614095402,-0.948367637197581,-0.5907957570483767,14.667033003715467,-3.090686909722401
4.35323318353748,6.944861309864921,-2.8563648001163906,4.651356846967147,1.8961180545976006,0.5198432850375644,-0.979274506294805,-0.304591194170305,14.310468251752138,-2.5562928428969935
4.35323318353748,6.916297661863757,-2.859410712058094,4.670318027513123,2.039222737115122,0.5100505399746164,-1.004837434723775,-0.04526093089728158,13.970408617940832,-2.002269670576721
4.35323318353748,6.887703554743176,-2.8598633213670666,4.690710254884275,2.17892682329453,0.5000021656273786,-1.0248601314295422,0.18197357951208565,13.655478400909947,-1.433912243052835
4.35323318353748,6.8591049215295055,-2.8580435855719455,4.71249952311722,2.3154816073036297,0.4897535643130832,-1.0391992538600705,0.37228440255451245,13.373647655101095,-0.8561018600306646
4.35323318353748,6.830524485673786,-2.8543207415464003,4.735654339190257,2.4492180838546407,0.4793615717744825,-1.0477602724603772,0.5213053373977654,13.132033240912493,-0.27312504067468923
4.35323318353748,6.801981278258322,-2.8491076881724227,4.760146520028803,2.5805384162637655,0.4688839690498787,-1.050491522867124,0.6251421259300226,12.936801600000486,0.3114409748954774
4.35323318353748,6.773490201376598,-2.8428562669131225,4.785951904191441,2.7099064322637703,0.45837905382120747,-1.0473771131181693,0.6803290360729164,12.793161904087771,0.8947776184236417
4.35323318353748,6.745061638707466,-2.836052976552393,4.813050968514078,2.837838051304648,0.4479052826900258,-1.0384293369339328,0.683741144166593,12.705428454991335,1.4748169974299241
4.35323318353748,6.716701108941942,-2.829215565110727,4.841429349027125,2.9648923358545614,0.43752098932068645,-1.0236811669596335,0.6324743879990973,12.677126174444046,2.0501872123901292
4.35323318353748,6.688408953290835,-2.822890821230736,4.871078272385671,3.091663597599002,0.4272841776510901,-1.0031792948357323,0.5237063617883725,12.711111749896359,2.620121813648172
4.35323318353748,6.660180045078527,-2.8176537576128524,4.901994908361661,3.2187747150979655,0.4172523847027328,-0.9769780766992506,0.3545506439153019,12.80968386796244,3.184342138614537
4.35323318353748,6.632003507502398,-2.8141082511736992,4.9341826555126405,3.34687155377759,0.40748260393574026,-0.9451346553131053,0.12191716573206433,12.974657199121728,3.742917714743171
4.35323318353748,6.603862424990662,-2.8128890795163786,4.967651371050416,3.4766181257688076,0.3980312573826092,-0.9077054781656735,-0.17760818525621236,13.20737481626264,4.296105504807999
4.35323318353748,6.575733534195498,-2.8146651613689406,5.0024175523081045,3.608691873931434,0.3889542026009525,-0.8647444231175935,-0.5478487217442405,13.50863128795869,4.844163912015318
4.35323318353748,6.547586882581808,-2.820143648586383,5.0385044710474185,3.743778186811021,0.38030675836977657,-0.8163027839974403,-0.9930645539493757,13.878472900917172,5.387132383914842
4.35323318353748,6.519385446095945,-2.8300742941258767,5.075942252915529,3.882562915820193,0.37214373052980215,-0.7624314601582919,-1.5178886903320898,14.31583188477343,5.924562367906778
4.35323318353748,6.491084703154686,-2.8452531810291974,5.114767882073731,4.025721234667928,0.36451941592821924,-0.7031858364792241,-2.1271182414909426,14.817938436550243,6.4551807735509845
4.35323318353748,6.462632171344394,-2.866524363444107,5.15502509442041,4.1739006190334305,0.357487557563427,-0.6386340287437142,-2.8252764569181457,15.379439704416209,6.976464317589486
4.35323318353748,6.433966927709953,-2.8947771280132883,5.196764100610745,4.327695016077593,0.35110121727598986,-0.5688693855678193,-3.6158143516921464,15.991144236656016,7.484105324021715
4.35323318353748,6.4050191564298204,-2.9309352715302097,5.24004105077152,4.487606458444153,0.34541252342031165,-0.4940283323276021,-4.499752377154197,16.638316820253635,7.971363452640943
4.35323318353748,6.375709803714519,-2.975932795301752,5.284917115355961,4.653989626646689,0.34047224009703564,-0.4143146978011927,-5.4734697347183054,17.298499732715634,8.42833653291501
4.35323318353748,6.345950475761501,-3.0306674926489348,5.331457011622428,4.826974623973846,0.3363290931190237,-0.3300313324720426,-6.525237507790565,17.93898485607938,8.841270280223824
-2.4766861017533763,6.315643800835011,-3.0959198677268405,5.379726757862167,5.0063644725346395,0.3330287797943033,-0.24161862966980435,-11.768892356219524,17.026075311711818,5.242419356087825
-2.4766861017533763,6.284684602157743,-3.213608791289036,5.429790402587513,5.176625225651757,0.33061259349760524,-0.1891944361089261,-13.020030298055394,17.127577231161997,5.315776642507034
-2.4766861017533763,6.252548514244852,-3.3438090942695897,5.481556654844031,5.347900997963377,0.328720649136516,-0.13603666968385578,-14.211342771050703,16.96902395879659,5.253837876334068
-2.4766861017533763,6.219110423302157,-3.485922521980097,5.535035664823664,5.5175912375513425,0.32736028243967746,-0.08349829092051508,-15.220186630841226,16.46995084255635,5.038626654286918
-2.4766861017533763,6.184251198082356,-3.6381243882885093,5.590211577199177,5.682290745976906,0.3265252995304723,-0.033112024377645904,-15.872063227819632,15.573897856507008,4.671450765896061
-2.4766861017533763,6.147869954199471,-3.7968450205667055,5.647034484658946,5.838029724541976,0.32619417928669586,0.013602483281314713,-15.94265546364421,14.284001524978313,4.188622880018012
-2.4766861017533763,6.109901503993804,-3.9562715752031474,5.705414781904366,5.98086973979176,0.326330204119509,0.055488712081494834,-15.182925626731112,12.69687183306131,3.672083687572725
-2.4766861017533763,6.070338788241773,-4.108100831470458,5.765223479302284,6.107838458122373,0.326885091240324,0.09220954895722208,-13.378261455667912,11.001325883977456,3.237313692206458
-2.4766861017533763,6.029257779927068,-4.2418834460271375,5.826301863883508,6.217851716962148,0.3278071867298962,0.12458268587928667,-10.4372571350097,9.404248118964789,2.9816504829026136
-2.4766861017533763,5.986838945466797,-4.346256017377234,5.888480381053129,6.311894198151796,0.3290530135886891,0.15439919070831282,-6.4760553605639055,7.995060928122366,2.9048825789431674
-2.4766861017533763,5.943376385293025,-4.4110165709828735,5.951599323034647,6.39184480743302,0.33059700549577226,0.1834480164977445,-1.8433420018345672,6.652272605829428,2.862216873880642
-2.4766861017533763,5.899266219583196,-4.429449991001219,6.015517771108977,6.458367533491314,0.3324314856607497,0.2120701852365509,2.9478217989790614,5.11236596574554,2.6150762884819625
-2.4766861017533763,5.854971719673184,-4.399971773011428,6.08010144644389,6.50949119314877,0.3345521875131152,0.23822094812137054,7.357798112860936,3.175573143180778,1.9640409984718261
-2.4766861017533763,5.81097200194307,-4.326393791882818,6.145196358375378,6.5412469245805775,0.3369343969943289,0.2578613581060888,10.961971840925608,0.8673135239018593,0.8609558857364039
-2.4766861017533763,5.767708064024242,-4.216774073473562,6.210608827621184,6.549920059819597,0.3395130105753898,0.2664709169634528,13.535518817696092,-1.577481383684935,-0.5819936663095943
-2.4766861017533763,5.725540323289506,-4.081418885296602,6.2761080282193795,6.534145245982748,0.3421777197450243,0.2606509803003569,15.058572454295396,-3.858185167334186,-2.1696920569345175
-2.4766861017533763,5.68472613443654,-3.9308331607536475,6.341449480679207,6.495563394309405,0.3447842295480279,0.2389540597310117,15.66031659759827,-5.7454308863554004,-3.7143403347105903
-2.4766861017533763,5.645417802829003,-3.7742299947776647,6.406405114622301,6.438109085445851,0.347173770145338,0.20181065638390577,15.54209444038244,-7.135408657755172,-5.086803452808141
-2.4766861017533763,5.607675502881227,-3.6188090503738404,6.4707862054767595,6.366754998868299,0.34919187670917706,0.15094262185582435,14.913687323860593,-8.032741127353587,-6.22436330480754
-2.4766861017533763,5.571487412377488,-3.4696721771352346,6.534453755465442,6.286427587594764,0.3507013029277353,0.08869898880774896,13.95645967804259,-8.5059025660565,-7.114634954179613
-2.4766861017533763,5.536790690606136,-3.3301075803548086,6.5973180313413895,6.201368561934199,0.35158829281581283,0.017552639265952824,12.81026695613084,-8.646981827978912,-7.774558687402617
-2.4766861017533763,5.503489614802588,-3.2020049107935002,6.659331716960732,6.11489874365441,0.3517638192084724,-0.06019294760807335,11.574788083361785,-8.546565514961925,-8.23379482043297
-2.4766861017533763,5.471469565694653,-3.0862570299598824,6.720480704397276,6.029433088504791,0.35116188973239165,-0.14253089581240305,10.317005670853947,-8.28220900629988,-8.524436252666932
-2.4766861017533763,5.440606995395054,-2.9830869732513428,6.780775035282324,5.946610998441792,0.3497365807742676,-0.22777525833907236,9.079839162538635,-7.915481459408898,-8.6757486423141
-2.4766861017533763,5.410776125662541,-2.8922885816259565,6.8402411452667415,5.867456183847703,0.34745882819087687,-0.3145327447622134,7.889692770734267,-7.493268762415688,-8.712065204172458
-2.4766861017533763,5.381853239846282,-2.8133916539186137,6.8989157071052185,5.792523496223546,0.34431350074325473,-0.40165339680393797,6.762291147057969,-7.050656005429633,-8.652366403401793
-2.4766861017533763,5.353719323307096,-2.745768742448034,6.956840942067454,5.72201693616925,0.34029696677521537,-0.48817706083795587,5.706904483047544,-6.614032740855871,-8.51062327820512
-2.4766861017533763,5.326261635882616,-2.6886996976175586,7.014061111429147,5.655876608760691,0.3354151961668358,-0.5732832936200071,4.729299114292871,-6.203863044580534,-8.296402080377677
-2.4766861017533763,5.29937463890644,-2.64140670647463,7.070619877516753,5.593837978314886,0.3296823632306357,-0.6562473144237838,3.833760627822368,-5.836966626003817,-8.015489816632668
-2.4766861017533763,5.272960571841693,-2.6030691001964064,7.126558257299902,5.535468312054848,0.32311989008639785,-0.7364022125901105,3.0244682808288137,-5.528326994848753,-7.670447952164335
-2.4766861017533763,5.24692988083973,-2.572824417388118,7.181912940420451,5.48018504210636,0.31575586796049676,-0.8131066921117539,2.3064157244201957,-5.292489278494689,-7.2610811746863595
-2.4766861017533763,5.221201636665849,-2.549760260143916,7.236714790841515,5.4272601493214125,0.3076248010393792,-0.8857175038586175,1.6859957593701156,-5.1445960256743675,-6.784852663643285
-2.4766861017533763,5.195704034064409,-2.5329003025502153,7.2909873923347295,5.375814189064669,0.29876762600079304,-0.9535660304950503,1.1713006026947523,-5.101064683704989,-6.23730671519498
-2.4766861017533763,5.170375031038907,-2.5211872965232676,7.3447455342253765,5.324803542227619,0.28923196569584253,-1.0159390976470002,0.7721329579045074,-5.179849614814555,-5.612584030689614
-2.4766861017533763,5.145163158073674,-2.5134659669442225,7.397993569647653,5.273005046079474,0.2790725747193725,-1.0720649379538962,0.49967703138198155,-5.400164292088166,-4.904136844640501
-2.4766861017533763,5.120028498404232,-2.508469196630403,7.450723620108448,5.219003403158593,0.26835192533983354,-1.1211063064003013,0.36574726135728813,-5.781480597070559,-4.10576470011318
-2.4766861017533763,5.094943806437928,-2.50481172401683,7.502913654140034,5.161188597187887,0.25714086227583055,-1.1621639534014332,0.3815279496020257,-6.341600283885329,-3.213081937803277
-2.4766861017533763,5.069895689197759,-2.5009964445208097,7.554525540111913,5.097772594349033,0.24551922274181623,-1.194294772779466,0.5557588019915207,-7.093655115706036,-2.2254698973608544
-2.4766861017533763,5.044885724752551,-2.4954388565008947,7.605503266055404,5.026836043191973,0.23357627501402156,-1.2165494717530745,0.8924317589569835,-8.042094898446367,-1.1484313074781258
-2.4766861017533763,5.019931336187542,-2.486514538911325,7.655771626487324,4.946415094207509,0.2214107802964908,-1.2280337848278557,1.3882538803993048,-9.178106826797874,0.003963971159274197
-2.4766861017533763,4.995066190798429,-2.472632000107332,7.705235777429399,4.85463402593953,0.20913044244821224,-1.227994145116263,2.030373750946601,-10.475439095363932,1.20714257028194
-2.4766861017533763,4.970339870797356,-2.4523282625978657,7.753782117688795,4.749879634985891,0.19685050099704962,-1.2159227194134437,2.7950786601315682,-11.88809644108687,2.4254405571395625
-2.4766861017533763,4.945816588171377,-2.42437747599655,7.801280914038654,4.630998670575023,0.1846912738029152,-1.191668313842048,3.6482024501868873,-13.35150073692691,3.613703419851999
-2.4766861017533763,4.921572813411411,-2.387895451494681,7.847590900744404,4.497483663205754,0.17277459066449471,-1.1555312796435282,4.547698966155771,-14.78811547563643,4.7214854696216735
-2.4766861017533763,4.8976938588964645,-2.342418461833123,7.8925657373764615,4.34960250844939,0.16121927786805942,-1.1083164249473114,5.448215913638997,-16.11714939612429,5.699410421089624
-2.4766861017533763,4.874269674278133,-2.287936302696733,7.936061762460955,4.188431014488147,0.1501361136185863,-1.051322320736415,6.306751992654879,-17.26625419809093,6.50629015807601
-2.4766861017533763,4.851390311251166,-2.2248687827701845,7.977946072605837,4.015768472507238,0.13962289041122217,-0.986259419155655,7.087972889267881,-18.182021427144868,7.1150544546305055
-2.4766861017533763,4.829141623423464,-2.1539890538775057,8.018103757330909,3.8339482582357896,0.12976029621966562,-0.9151088746093499,7.767817925913189,-18.836322446329692,7.515825105887781
-2.4766861017533763,4.807601732884689,-2.076310874618374,8.056443239913268,3.6455850337724924,0.12060920747357212,-0.839950623550472,8.334656752436388,-19.227095719930947,7.715494262024468
-2.4766861017533763,4.786838624138505,-1.9929643070940102,8.092899090250993,3.453314076573183,0.1122097012380674,-0.7627956809302273,8.788118730662683,-19.37420348669662,7.734385820083381
-2.4766861017533763,4.766908981067565,-1.9050831197873834,8.127432231016725,3.259572041706217,0.10458174442876512,-0.6854518227293935,9.13637913036623,-19.31239911802789,7.601369165155421
-2.4766861017533763,4.747858149869691,-1.8137193284837212,8.160027951433786,3.0664480505259384,0.09772722620147119,-0.6094381310778393,9.392901546981456,-19.08374981752417,7.348888772210092
-2.4766861017533763,4.7297209565848535,-1.7197903130139067,8.190692431939045,2.8756105523506967,0.09163284489069279,-0.5359492433557383,9.573452140659867,-18.731254947423103,7.0089371921546295
-2.4766861017533763,4.7125230534547145,-1.624055791607308,8.219448537462553,2.688298002876466,0.08627335245713541,-0.46585987143419205,9.693834681764505,-18.294461022243937,6.610395731713403
-2.4766861017533763,4.696282495538641,-1.527117444789663,8.246331517491317,2.5053533926540266,0.08161475374279349,-0.399755914117058,9.768452335536253,-17.807086097585973,6.177685847176729
-2.4766861017533763,4.681011321090745,-1.4294329214343005,8.271385051417857,2.3272825316781667,0.07761719460162292,-0.33797905564529074,9.809584741037991,-17.296227946069695,5.7304217685247485
-2.4766861017533763,4.6667169918764015,-1.3313370740239205,8.29465787673464,2.15432025221747,0.07423740404517001,-0.2806748379600432,9.827181940557313,-16.782607930714,5.283698304951711
-2.4766861017533763,4.653403621136162,-1.2330652546183474,8.316201079256814,1.9864941729103298,0.07143065566556958,-0.2278378549105261,9.828977631743902,-16.28136856229076,4.848703136124036
-2.4766861017533763,4.641072968589978,-1.1347754783009083,8.336066020985918,1.8236804872874222,0.06915227711646432,-0.17935082354928575,9.820766077006839,-15.803079106803844,4.433436227139269
-2.4766861017533763,4.629725213806969,-1.03656781753084,8.354302825858792,1.6656496962193836,0.06735876888097146,-0.13501646127789307,9.806737444687762,-15.35473821431674,4.043406928156228
-2.4766861017533763,4.619359535631661,-0.9385004430839623,8.370959322820985,1.5121023140762162,0.06600860426819254,-0.09458239199633078,9.789809378057935,-14.940665610057394,3.6822449850941292
-2.4766861017533763,4.609974531200821,-0.840602349303383,8.386080345961748,1.3626956579756422,0.06506278034822922,-0.057759942145389494,9.771923416783519,-14.563242244464458,3.352203760343395
-2.4766861017533763,4.601568507707787,-0.7428831151355477,8.399707302541504,1.2170632355309976,0.06448518092677533,-0.02423790454195554,9.754294413593392,-14.223496737670292,3.0545574530061472
-2.4766861017533763,4.5941396765564315,-0.6453401709996138,8.411877934896815,1.0748282681542947,0.06424280188135577,0.006307669988105932,9.737612113326087,-13.921554644802889,2.7899051387084355
-2.4766861017533763,4.587686274846435,-0.5479640498663529,8.422626217578358,0.9356127217062657,0.06430587858123683,0.03420672137519029,9.722199468271775,-13.656973827823867,2.5583980746974784
-2.4766861017533763,4.582206634347772,-0.4507420551836352,8.43198234479542,0.799042983428027,0.06464794579498874,0.05979070212216507,9.70813430395535,-13.428989558837115,2.359906436601743
-2.4766861017533763,4.577699213795936,-0.3536607121440817,8.4399727746297,0.6647530878396559,0.06524585281621038,0.0833897664881825,9.695341158956644,-13.236690345444293,2.194139626319454
-2.4766861017533763,4.574162606674495,-0.25670730055451524,8.446620305508096,0.532386184385213,0.06607975048109221,0.10533116275137704,9.683659453774103,-13.079141813294074,2.0607317204416575
-2.4766861017533763,4.571595533668949,-0.15987070601677422,8.451944167351948,0.4015947662522723,0.06713306210860598,0.1259384799557936,9.672893141659795,-12.955472299204423,1.9593011170206378
-2.4766861017533763,4.569996826608781,-0.06314177460017627,8.455960115014472,0.27204004326022807,0.06839244690816391,0.14553149112599997,9.662845943185298,-12.864930532925033,1.8894912374687978
-2.4766861017533763,4.5693654088627795,0.033486684831676716,8.458680515447075,0.14339073793097773,0.06984776181942391,0.16442640350068796,9.65334529603139,-12.806923045325526,1.8509973152636725
-2.4766861017533763,4.569700275711097,0.13002013779199062,8.460114422826384,0.015321507477722457,0.07149202585443079,0.18293637665332468,9.644257306192664,-12.781036713816492,1.8435828286612992
-2.4766861017533763,4.571000477089017,0.22646271085391725,8.460267637901161,-0.11248885966044248,0.07332138962096403,0.20137220493993768,9.635494265917696,-12.787050055414479,1.867087947553652
-2.4766861017533763,4.5732651041975565,0.3228176535130942,8.459142749304556,-0.24035936021458726,0.07533511167036341,0.2200430844154742,9.627015685630786,-12.824935395879374,1.9214313902617768
-2.4766861017533763,4.576493280732687,0.41908781036940207,8.45673915570241,-0.36860871417338104,0.07753554251451815,0.23925739831809198,9.618823241625819,-12.894852769861009,2.006606249966113
-2.4766861017533763,4.580684158836381,0.5152760427856603,8.453053068560676,-0.49755724187199113,0.07992811649769907,0.2593234608177531,9.610949536079737,-12.99713523727359,2.122669582208117
-2.4766861017533763,4.585836919264238,0.6113855381464577,8.448077496141956,-0.6275285942447271,0.0825213511058766,0.2805501566398343,9.603440069347021,-13.13226413651807,2.269724778156141
-2.4766861017533763,4.591950774645702,0.7074199388399279,8.441802210199508,-0.7588512356099077,0.08532685267227495,0.3032474044213957,9.596327307741833,-13.300831541958383,2.4478949198327915
-2.4766861017533763,4.599024974034101,0.8033832119173463,8.43421369784341,-0.8918595510294915,0.08835932671648891,0.32772635361972363,9.58959516919436,-13.503485762205678,2.657284362445313
-2.4766861017533763,4.607058806153275,0.8992791636092899,8.425295102333115,-1.0268944086515484,0.09163659025268615,0.35429919724417674,9.583131629320611,-13.740854026664538,2.8979246588584897
-2.4766861017533763,4.616051597789368,0.995110479902496,8.415026158246599,-1.1643029489181937,0.09517958222512791,0.38327844383276166,9.576666473171946,-14.013434499836194,3.16969958661306
-2.4766861017533763,4.6260027025883925,1.0908771446342156,8.403383128757417,-1.3044372939165556,0.09901236666345553,0.4149754396988923,9.569690515174472,-14.32144742105943,3.4722424395860085
-2.4766861017533763,4.636911474034735,1.1865740497859603,8.390338755818252,-1.44765176812715,0.10316212106044445,0.4496978640947524,9.561351967300583,-14.664632571488692,3.8047969416813836
-2.4766861017533763,4.648777214532594,1.2821875694589662,8.37586223813698,-1.5942980938420368,0.10765909970139198,0.4877458335115662,9.55032523083063,-15.041977681462258,4.166031276269199
-2.4766861017533763,4.661599090227184,1.3776908217672725,8.359919257198559,-1.7447178706566593,0.11253655803650764,0.5294061462742582,9.534647547004786,-15.451360395736117,4.553793149819504
-2.4766861017533763,4.675375998444856,1.4730372972373205,8.342472078491992,-1.8992314746140204,0.11783061949925022,0.5749440777724533,9.511520223740359,-15.889086140666853,4.9647932082801525
-2.4766861017533763,4.6901063714172295,1.568152499474724,8.323479763745851,-2.058122336020689,0.12358006027697475,0.6245920098552548,9.477074448361057,-16.349307664666394,5.3942057255212275
-2.4766861017533763,4.705787896411977,1.6629232439583346,8.302898540385645,-2.221615412667353,0.1298259803755273,0.678534067110467,9.426108318890169,-16.823322341692148,5.835181293348545
-2.4766861017533763,4.72241712885156,1.7571843271472363,8.28068238625897,-2.389848636084275,0.13661132104663198,0.7368858800439525,9.351813457685926,-17.298765233688925,6.278279274937205
-2.4766861017533763,4.739988972123032,1.8507024617240955,8.256783899898128,-2.562836288421164,0.1439801798470715,0.7996686727933245,9.245528466418877,-17.75875549764178,6.710852056352941
-2.4766861017533763,4.758495996740273,1.9431577463882843,8.231155537013917,-2.740423843397582,0.15197686657500475,0.866777193356854,9.096584210361936,-18.18111730706275,7.116453038885681
-2.4766861017533763,4.777927574204156,2.034123588491904,8.203751298579942,-2.922235016468209,0.1606446385085733,0.9379417237457108,8.892342229503942,-18.537887179059723,7.474398667157138
-2.4766861017533763,4.798268810089075,2.123047010786943,8.17452894841526,-3.1076138882588062,0.1700240557460304,1.0126857104172822,8.61856747556844,-18.795430502056313,7.759688618797234
-2.4766861017533763,4.819499280196944,2.2092326855426276,8.143452809532672,-3.2955681932793692,0.18015091285020324,1.0902825966052545,8.260306306673574,-18.915593128958925,7.943561966913379
-2.4766861017533763,4.84159160705237,2.2918357486093632,8.110497127599878,-3.4847241245689586,0.19105373881625579,1.1697182162743882,7.803433927699966,-18.858348075761764,7.995004345805384
-2.4766861017533763,4.864509964538464,2.3698700878863628,8.075649886354189,-3.6733076053265763,0.20275092097899966,1.249668259732442,7.236954162271533,-18.586266126691143,7.88346180146771
-2.4766861017533763,4.888208665417328,2.442239629509078,8.038916810300924,-3.8591702665934875,0.21524760357632408,1.328502877747119,6.555941485438032,-18.07073779102991,7.5827913581044255
-2.4766861017533763,4.9126310617124185,2.507799044363458,8.000325107634989,-4.039877644503787,0.22853263235379528,1.4043307913281633,5.764705964742551,-17.299166999726577,7.076051994558758
-2.4766861017533763,4.937709052156053,2.5654461040108836,7.959926331189951,-4.212869314501052,0.2425759402670769,1.475091311273751,4.879408412876523,-16.28149459485974,6.360186297677937
-2.4766861017533763,4.963363513196161,2.614240188139649,7.917797638044941,-4.37568426044965,0.2573268533798144,1.5386931742505303,3.929129709807656,-15.053801952241496,5.4491980473046375
6.893415938086722,4.989505915077558,2.6535314852377256,7.874040795440444,-4.526222279972065,0.27271378512231975,1.5931851547235767,4.242862215972777,-14.303141768832567,7.817167886753715
6.893415938086722,5.016041229929935,2.6959601073974535,7.828778572640723,-4.66925369766039,0.2886456366695555,1.6713568335911138,3.3475596657479594,-12.851770865464589,6.650659011123449
6.893415938086722,5.043000831003909,2.729435704054933,7.782086035664119,-4.797771406315036,0.30535920500546665,1.7378634237023483,2.512200792320704,-11.395652938850137,5.407741902982124
6.893415938086722,5.070295188044459,2.75455771197814,7.734108321600969,-4.911727935703537,0.3227378392424901,1.7919408427321695,1.7841183915744159,-10.017044842175318,4.142534249435633
6.893415938086722,5.09784076516424,2.7723988958938843,7.684991042243934,-5.01189838412529,0.3406572476698118,1.8333661852265257,1.2016686255865663,-8.783316889389939,2.903514085750962
6.893415938086722,5.125564754123179,2.78441558214975,7.634872058402681,-5.09973155301919,0.3589909095220771,1.8624013260840353,0.7908258774174769,-7.740382834083704,1.7284949875577524
6.893415938086722,5.153408909944677,2.7923238409239244,7.583874742872489,-5.177135381360027,0.3776149227829174,1.879686275959613,0.5645506985089415,-6.911500516623022,0.6426484231715707
6.893415938086722,5.181332148353916,2.7979693479090137,7.532103389058888,-5.246250386526257,0.39641178554251355,1.8861127601913286,0.524475062901046,-6.300352863818701,-0.3407705879040428
6.893415938086722,5.209311841833006,2.803214098538024,7.479640885193626,-5.309253915164444,0.4152729131444268,1.882705054312288,0.6639222873726086,-5.896379078447479,-1.218003877012314
6.893415938086722,5.237343982818387,2.80985332141175,7.426548346041981,-5.3682177059489185,0.4340999636875497,1.8705250155421649,0.9712514323238577,-5.68042410473983,-1.9917627695752291
6.893415938086722,5.265442516032504,2.8195658357349886,7.372866168982492,-5.425021946996317,0.45280521384297134,1.8506073878464127,1.4328100694603738,-5.629454404416385,-2.66837674633345
6.893415938086722,5.293638174389854,2.8338939364295923,7.318615949512529,-5.481316491040481,0.4713112877214355,1.8239236203830782,2.0351516831126957,-5.7198338740475,-3.255503351130976
6.893415938086722,5.3219771137541505,2.8542454532607193,7.263802784602125,-5.538514829780956,0.48955052392526627,1.7913685868717684,2.7664635878211614,-5.929174693291671,-3.760471201531058
6.893415938086722,5.3505195682867575,2.881910089138931,7.208417636304315,-5.5978065767138725,0.507464209793984,1.7537638748564577,3.6173083101763233,-6.237021784826264,-4.189151639586455
6.893415938086722,5.379338669178146,2.918083172240694,7.152439570537176,-5.660176794562135,0.5250018485425486,1.711872358460593,4.580826214228992,-6.6246697728920445,-4.54518976445004
6.893415938086722,5.408519500900553,2.9638914343829836,7.0958378025915545,-5.7264234922910555,0.5421205721271546,1.6664204608160926,5.652521212944289,-7.0743438427202365,-4.8294255268383735
6.893415938086722,5.438158415244383,3.0204166465124267,7.038573567668644,-5.797166930718258,0.5587847767353156,1.6181262055477088,6.829688756357415,-7.567871075923446,-5.039362610752055
6.893415938086722,5.468362581709508,3.088713534076001,6.980601898361462,-5.872845641477492,0.5749660387907927,1.5677325794401882,8.110463940141747,-8.084865106854837,-5.168576746047056
6.893415938086722,5.499249717050268,3.1698181734774185,6.921873441946687,-5.95369429254604,0.5906433645851945,1.5160468119797177,9.492371393817377,-8.600363111833438,-5.205991459959158
6.893415938086722,5.530947898785042,3.2647418874155925,6.862336499021227,-6.039697923664375,0.6058038327049917,1.463986897380126,10.970142623842541,-9.081806608050263,-5.134997197006125
6.893415938086722,5.563595317659198,3.3744433136540177,6.801939519784583,-6.130515989744877,0.6204437016787929,1.4126369254100648,12.53242392800959,-9.485280114286399,-4.932473361150709
6.893415938086722,5.597339750795738,3.4997675529341135,6.740634359887134,-6.225368790887741,0.6345700709328935,1.3633121917985578,14.156832222529063,-9.751092133856142,-4.567938128267479
6.893415938086722,5.63233742632508,3.6413358751594043,6.678380671978257,-6.322879712226302,0.6482031928508791,1.317632810515883,15.802666675050983,-9.799260465972301,-4.003376068002602
6.893415938086722,5.668750785076674,3.799362541909914,6.615151874855994,-6.420872316886025,0.6613795209560379,1.277599049835857,17.40058407986455,-9.526528938588042,-3.19489190032308
6.893415938086722,5.706744410495773,3.9733683827085597,6.550943151687133,-6.516137606271905,0.6741555114543964,1.2456501308326262,18.83903482893804,-8.8085724707896,-2.0983110483418024
6.893415938086722,5.746478094322859,4.16175873099794,6.485781775624414,-6.604223330979801,0.6866120127627227,1.2246670203492083,19.948949589935193,-7.5142001205694875,-0.6820672325481283
6.893415938086722,5.788095681632838,4.361248226897292,6.419739542314616,-6.679365332185496,0.6988586829662148,1.217846348023727,20.49224278019395,-5.541429376167853,1.0487906505051707
6.893415938086722,5.831708163901811,4.566170654699231,6.352945888992761,-6.734779625947175,0.7110371464464521,1.2283342545287785,20.167197158430834,-2.883059590815492,3.0168760279359574
6.893415938086722,5.8773698704488035,4.76784262628354,6.28559809273329,-6.76361022185533,0.7233204889917398,1.2585030148081382,18.6528723800022,0.2899991122823848,5.03696466920535
6.893415938086722,5.925048296711639,4.954371350083561,6.217961990514737,-6.7607102307325055,0.7359055191398213,1.3088726615001918,15.714676527672632,3.5863701653753672,6.81701222168028
6.893415938086722,5.974592010212474,5.111518115360288,6.150354888207412,-6.724846529078752,0.7489942457548232,1.3770427837169945,11.36217378468873,6.49696976093017,8.047806373369518
6.893415938086722,6.0257071913660765,5.225139853207175,6.083106422916624,-6.65987683146945,0.7627646735919932,1.4575208474506898,5.9793118608983455,8.680859954920901,8.583324656382983
6.893415938086722,6.077958589898148,5.284932971816158,6.01650765460193,-6.573068231920241,0.7773398820665001,1.5433540940145196,0.297743951142257,10.229802381780365,8.580223851106487
6.893415938086722,6.130807919616309,5.28791041132758,5.9507769722827275,-6.470770208102437,0.7927734230066452,1.6291563325255844,-4.834553027784273,11.575779675055538,8.415093180098937
6.893415938086722,6.183687023729585,5.239564881049738,5.886069270201703,-6.355012411351882,0.809064986331901,1.7133072643265739,-8.75849735206204,13.06704963243216,8.413614082058862
6.893415938086722,6.236082672540083,5.1519799075291175,5.822519146088184,-6.22434191502756,0.8261980589751667,1.7974434051471624,-11.189476215307401,14.677483844561173,8.658611424353118
6.893415938086722,6.287602471615374,5.040085145376043,5.760275726937908,-6.077567076581949,0.8441724930266383,1.8840295193906935,-12.20832476826676,16.114100645030327,9.028541423539105
6.893415938086722,6.338003323069135,4.918001897693376,5.699500056172089,-5.916426070131646,0.8630127882205453,1.9743149336260846,-12.120984491437847,17.097158893754163,9.352166553479881
6.893415938086722,6.387183342046068,4.796792052778997,5.640335795470772,-5.745454481194104,0.8827559375568061,2.0678365991608834,-11.296347975133942,17.51799377188531,9.516536756425944
6.893415938086722,6.435151262573858,4.683828573027657,5.582881250658831,-5.570274543475251,0.903434303548415,2.163001966725143,-10.05701706192251,17.427130610430687,9.486745584491217
6.893415938086722,6.481989548304135,4.583258402408433,5.527178505224079,-5.396003237370944,0.9250643232156665,2.2578694225700553,-8.637440489584993,16.953693563891754,9.279316282497142
6.893415938086722,6.527822132328219,4.496883997512582,5.47321847285037,-5.226466301732026,0.947643017441367,2.350662585395027,-7.186826873497045,16.237499917290304,8.931308677833654
6.893415938086722,6.572790972303345,4.425015728777612,5.420953809833049,-5.064091302559123,0.9711496432953173,2.4399756721733636,-5.789808200916133,15.395316424553238,8.480991395417382
6.893415938086722,6.617041129591121,4.367117646768451,5.370312896807458,-4.910138138313591,0.995549400017051,2.5247855861275377,-4.488413778992044,14.51226184059974,7.959609654802819
6.893415938086722,6.660712306058806,4.32223350897853,5.321211515424322,-4.765015519907593,1.0,0.0,-2.1370875822682622,13.77308231458692,7.759460541460837
6.893415938086722,6.703934641148591,4.300862633155847,5.273561360225246,-4.627284696761724,1.0,0.07759460541460837,-1.09924103768314,12.902371731774405,7.113908009218098
6.893415938086722,6.74694326748015,4.289870222779016,5.227288513257629,-4.49826097944398,1.0,0.0,-0.10139295893536555,12.112032881730373,6.465968388122165
6.893415938086722,6.78984196970794,4.288856293189663,5.182305903463189,-4.377140650626677,1.0,0.06465968388122165,0.7405600577214605,11.40613770477774,5.7808189541572625
6.893415938086722,6.832730532639836,4.296261893766878,5.138534496956923,-4.263079273578899,1.0,0.0,1.5421784602808237,10.790380449646623,5.091829973846935
6.893415938086722,6.875693151577504,4.311683678369686,5.095903704221134,-4.155175469082433,1.0,0.050918299738469355,2.2167885954134317,10.269734243230241,4.3698710263676
6.893415938086722,6.918809988361201,4.333851564323821,5.054351949530309,-4.052478126650131,1.0,0.0,2.850222249326013,9.839467650108874,3.6359133579692675
6.893415938086722,6.962148504004439,4.3623537868170805,5.013827168263807,-3.9540834501490423,1.0,0.03635913357969268,3.3789196375973125,9.506978973049925,2.867203019011022
6.893415938086722,7.00577204187261,4.396142983193053,4.974286333762317,-3.859013660418543,1.0,0.0,3.8607645205594934,9.264952161624889,2.0763563538151124
6.893415938086722,7.04973347170454,4.434750628398648,4.935696197158131,-3.766364138802294,1.0,0.020763563538151123,4.253080826152267,9.12145450251281,1.2477309178520886
6.893415938086722,7.0940809779885265,4.477281436660171,4.898032555770108,-3.675149593777166,1.0,0.0,4.587968210448496,9.07027711767803,0.3883264756145091
6.893415938086722,7.138853792355128,4.523161118764656,4.861281059832336,-3.5844468226003854,1.0,0.0038832647561450914,4.8434923244722805,9.116143355039354,-0.5088943664003439
6.893415938086722,7.184085403542775,4.571596042009379,4.825436591606333,-3.493285389049992,1.0,0.0,5.028573190699782,9.254839636475674,-1.4398969557495878
6.893415938086722,7.229801363962869,4.6218817739163764,4.790503737715833,-3.400736992685235,1.0,-0.014398969557495879,5.143068212155685,9.481782993960719,-2.4006789965674202
6.893415938086722,7.276020181702033,4.673312456037933,4.75649636778898,-3.305919162745628,0.9998560103044251,-0.03840575952317008,5.18682358231698,9.789158692233574,-3.3841100761655496
6.893415938086722,7.322753306262412,4.725180691861103,4.723437176161524,-3.208027575823292,0.9994719527091933,-0.07224686028482558,5.161764075340345,10.164484846588538,-4.378979697169434
6.893415938086722,7.370005113181024,4.776798332614506,4.691356900403291,-3.1063827273574067,0.998749484106345,-0.11603665725651992,5.0720727119237,10.590147431264738,-5.369941855031011
6.893415938086722,7.417773096507169,4.827519059733743,4.660293073129718,-3.0004812530447595,0.9975891175337798,-0.16973607580683003,4.924440706310851,11.043610170458651,-6.3379371041312025
6.893415938086722,7.466048287104506,4.876763466796851,4.63028826059927,-2.890045151340173,0.9958917567757115,-0.23311544684814206,4.727903209801582,11.498672503105777,-7.261341154234721
6.893415938086722,7.514815921772475,4.924042498894867,4.601387809085868,-2.775058426309115,0.9935606023072301,-0.30572885839048924,4.493211434764507,11.927800903178978,-8.117811386292075
6.893415938086722,7.564056346761424,4.968974613242512,4.573637224822777,-2.655780417277325,0.9905033137233252,-0.38690697225341,4.231818121487301,12.30520432365112,-8.886568304553593
6.893415938086722,7.613746092893849,5.011292794457385,4.547079420650004,-2.532728374040814,0.9866342440007911,-0.4757726552989459,3.9546811598399443,12.609997950327411,-9.550646226522419
6.893415938086722,7.663859020838423,5.050839606055785,4.521752136909596,-2.40662839453754,0.9818765174478017,-0.57127911756417,3.6711592858737245,12.828675763265942,-10.098587848690341
6.893415938086722,7.71436741689898,5.087551198914523,4.497685852964221,-2.2783416369048806,0.97616372627216,-0.6722649960510735,3.3882450400177455,12.956287317569947,-10.525195532401284
6.893415938086722,7.765242928888125,5.1214336493147,4.474902436595172,-2.1487787637291813,0.9694410763116492,-0.7775169513750864,3.1102642780874015,12.996123060800977,-10.831237648443667
6.893415938086722,7.816457265381272,5.152536292095574,4.45341464895788,-2.0188175331211715,0.9616659067978983,-0.8858293278595231,2.839024351931542,12.958161557909838,-11.022309644694568
6.893415938086722,7.867982628302228,5.18092653561489,4.433226473626668,-1.8892359175420732,0.9528076135193031,-0.9960524243064688,2.574279684991096,12.856823706065548,-11.107237877539198
6.893415938086722,7.919791893658377,5.2066693324648,4.414334114451247,-1.7606676804814176,0.9428470892762384,-1.1071248030818608,2.314340131191993,12.708628037577743,-11.096437684037133
6.893415938086722,7.971858586983025,5.22981273377672,4.396727437646433,-1.6335814001056401,0.9317758412454198,-1.2180891799222322,2.056669539800095,12.530195314761338,-11.000531446708436
6.893415938086722,8.024156714320792,5.250379429174721,4.380391623645377,-1.5082794469580267,0.9195949494461975,-1.3280944943893165,1.7983789899714742,12.336825788972519,-10.82937660526621
6.893415938086722,8.07666050861254,5.268363219074436,4.365308829175796,-1.3849111890683015,0.9063140045023043,-1.4363882604419786,1.5365789872002034,12.141672527425692,-10.59151697736909
6.893415938086722,8.129344140803283,5.2837290089464375,4.351459717285113,-1.2634944637940446,0.8919501218978845,-1.5423034302156695,1.26859826226772,11.955409810759194,-10.29398648463666
6.893415938086722,8.182181430892747,5.296414991569114,4.338824772647173,-1.1439403656864526,0.8765270875957277,-1.6452432950620361,0.9920990837844185,11.786248102970317,-9.942362552203647
6.893415938086722,8.235145580808439,5.306335982406958,4.327385368990308,-1.0260778846567495,0.8600746546451074,-1.7446669205840726,0.7051245855422484,11.640152558669667,-9.540970498977641
6.893415938086722,8.288208940632508,5.313387228262381,4.317124590143741,-0.9096763590700528,0.8426279854392666,-1.840076625573849,0.4061095660769505,11.521153063546958,-9.093161491393607
6.893415938086722,8.341342812915132,5.31744832392315,4.30802782655304,-0.7944648284345832,0.8242272191835281,-1.931008240487785,0.09387844015277995,11.431670488352658,-8.601611563588431
6.893415938086722,8.394517296154364,5.318387108324678,4.300083178268695,-0.6801481235510566,0.8049171367786503,-2.0170243561236694,-0.23235391026675473,11.372815644004755,-8.068610631904106
6.893415938086722,8.44770116723761,5.31606356922201,4.293281697033184,-0.5664199671110091,0.7847468932174136,-2.0977104624427105,-0.5729691636390234,11.344640825068968,-7.496325899242333
6.893415938086722,8.500861802929832,5.310333877585619,4.287617497362074,-0.45297355886031937,0.7637697885929865,-2.172673721435134,-0.9279160710965182,11.346339151334051,-6.887033717453828
6.893415938086722,8.553965141705687,5.3010547168746545,4.283087761773471,-0.33951016734697886,0.7420430513786351,-2.241544058609672,-1.2966635075553445,11.376395997184579,-6.243319053175434
6.893415938086722,8.606975688874433,5.288088081799101,4.279692660100001,-0.22574620737513307,0.7196276107925385,-2.3039772491414263,-1.6781376873687248,11.432701643064858,-5.568243539781913
6.893415938086722,8.659856569692424,5.271306704925414,4.27743519802625,-0.11141919094448449,0.6965878383011241,-2.3596596845392455,-2.0706473330529707,11.512636498338273,-4.865482842872772
6.893415938086722,8.712569636741678,5.250600231594884,4.276321006116805,0.0037071740388982394,0.6729912414557316,-2.4083145129679733,-2.471802676942325,11.61314088898434,-4.139432588833473
6.893415938086722,8.765075639057628,5.225882204825461,4.276358077857194,0.11983858292874164,0.648908096326052,-2.449708838856308,-2.87843636378726,11.730781036192326,-3.3952800595750516
6.893415938086722,8.817334461105883,5.197097841187588,4.277556463686481,0.2371463932906649,0.6244110079374888,-2.4836616394520585,-3.2865365885938598,11.861821649367204,-2.639036777960547
6.893415938086722,8.86930543951776,5.16423247530165,4.279927927619387,0.35576460978433694,0.5995743915429682,-2.510052007231664,-3.691204930500302,12.002313449419116,-1.8775255007097906
6.893415938086722,8.920947764270776,5.127320425996647,4.283485573717231,0.4757877442785281,0.5744738714706515,-2.528827262238762,-4.086652912336064,12.148200758273955,-1.1183145116928155
6.893415938086722,8.972220968530744,5.086453896873286,4.2882434511600165,0.5972697518612676,0.5491855988482639,-2.54001040735569,-4.466251737528349,12.295449938967266,-0.36959297646991646
6.893415938086722,9.023085507499477,5.041791379498003,4.294216148678629,0.7202242512509403,0.523785494774707,-2.543706337120389,-4.822648252079137,12.440194090670783,0.3600161002068408
6.893415938086722,9.073503421294458,4.993564896977212,4.301418391191138,0.8446261921576481,0.49834843140350316,-2.5401061761183206,-5.1479563323126385,12.578883533293801,1.0617038875406666
6.893415938086722,9.12343907026423,4.942085333654085,4.309864653112714,0.9704150274905862,0.4729473696423199,-2.529489137242914,-5.434026273734693,12.708426261643293,1.7267765105678397
6.893415938086722,9.17285992360077,4.887745070916738,4.31956880338762,1.097499290107019,0.4476524782698908,-2.5122213721372355,-5.672785548441561,12.826299091921525,2.3469924912613105
6.893415938086722,9.221737374309937,4.831017215432323,4.33054379628869,1.2257622810262343,0.42253026454851844,-2.4887514472246224,-5.856633432146294,12.930610121833178,2.914913028965152
6.893415938086722,9.27004754646426,4.77245088111086,4.342801419098952,1.3550683822445662,0.3976427500762722,-2.459602316934971,-5.9788611651717165,13.020097418410502,3.424235515248077
6.893415938086722,9.31777205527537,4.712662269459143,4.356352102921397,1.4852693564286712,0.3730467269069225,-2.4253599617824904,-6.034060735182616,13.09405760041135,3.8700785537879203
6.893415938086722,9.364898677969961,4.652321662107317,4.371204796485683,1.6162099324327848,0.34879312728909756,-2.386659176244611,-6.018481325639256,13.152209915716005,4.249189496551601
6.117865453988458,9.411421894591035,4.592136848850925,4.387366895810011,1.747732031589945,0.32492653552665146,-2.3441672812790952,-5.5234628215804005,13.259961614912255,4.172627684490634
6.117865453988458,9.457343263079544,4.53690222063512,4.404844216125911,1.8803316477390675,0.3014848627138605,-2.302441004434189,-5.361838991444918,13.292563728593008,4.416070041962169
6.117865453988458,9.502712285285895,4.483283830720671,4.423647532603302,2.0132572850249977,0.2784604526695186,-2.2582803040145674,-5.133402419892194,13.307915082545668,4.59595964105868
6.117865453988458,9.547545123593101,4.431949806521749,4.443780105453552,2.146336435850454,0.2558776496293729,-2.2123207076039804,-4.842191851649538,13.305393911442325,4.715346778930415
6.117865453988458,9.591864621658319,4.383527888005254,4.465243469812057,2.2793903749648776,0.2337544425533331,-2.1651672398146764,-4.493883537539118,13.284085910141588,4.778446524212089
6.117865453988458,9.635699900538372,4.338589052629863,4.488037373561705,2.4122312340662937,0.21210277015518633,-2.1173827745725555,-4.095474412307551,13.242783017356361,4.7903720141766115
6.117865453988458,9.67908579106467,4.297634308506788,4.512159685902368,2.544659064239857,0.1909289424094608,-2.0694790544307895,-3.654910886838392,13.180045196209763,4.756858870325693
6.117865453988458,9.722062134149738,4.261085199638404,4.537606276544767,2.676459516201955,0.1702341518651529,-2.0219104657275326,-3.180699206618767,13.094310664857536,4.68400328699673
6.117865453988458,9.764672986146122,4.229278207572216,4.564370871706786,2.8074026228505304,0.15001504720787756,-1.9750704328575652,-2.6815299715163943,12.984033703306464,4.578030033829317
6.117865453988458,9.806965768221843,4.202462907857052,4.592444897935292,2.937242959883595,0.13026434287930191,-1.929290132519272,-2.1659424304805333,12.847827629818134,4.445099619170459
6.117865453988458,9.848990397300414,4.180803483552247,4.621817327534128,3.0657212361817767,0.1109714415541092,-1.8848391363275674,-1.6420454340363484,12.684593190763911,4.291157538588945
6.117865453988458,9.890798432135936,4.1643830292118835,4.6524745398959455,3.1925671680894157,0.09212305019083351,-1.8419275609416779,-1.1173031852167772,12.493618008925296,4.121823705951802
6.117865453988458,9.932442262428054,4.153209997359716,4.68440021157684,3.3175033481786684,0.07370377458141673,-1.8007093238821599,-0.5983864409585836,12.27463921812291,3.9423171113771622
6.117865453988458,9.973974362401652,4.14722613295013,4.717575245058627,3.4402497403598975,0.05569668134259513,-1.7612861527683883,-0.09108425713632634,12.02786754845905,3.757409327256228
6.117865453988458,10.015446623731153,4.146315290378767,4.751977742462226,3.560528415844488,0.03808381981491125,-1.723712059495826,0.3997321113352894,11.753975985155579,3.5714003104643317
6.117865453988458,10.05690977663494,4.15031261149212,4.787583026620671,3.6780681756960436,0.020846699219952986,-1.6879980563911827,0.8701031735852814,11.454059309647386,3.3881105778437877
6.117865453988458,10.098412902749862,4.159013643227972,4.824363708377631,3.7926087687925176,0.00396671865604116,-1.6541169506127449,1.3169432458356338,11.129572378179187,3.210884861471012
6.117865453988458,10.140003039182142,4.172183075686329,4.862289796065556,3.9039044925743096,-0.01257445085008629,-1.6220081019980348,1.7379800286600882,10.782255198649766,3.042603480261447
6.117865453988458,10.181724869939005,4.189562875972929,4.901328840991299,4.011727044560807,-0.02879453187006664,-1.5915820671954204,2.1316798721755332,10.41405213592211,2.885698706573509
6.117865453988458,10.223620498698734,4.210879674694684,4.941446111436907,4.115867565920028,-0.04471035254202084,-1.5627250801296853,2.4971653733874843,10.027031307162233,2.7421742665138154
6.117865453988458,10.26572929544568,4.235851328428559,4.982604787096107,4.21613787899165,-0.0603376033433177,-1.535303337464547,2.834130456185748,9.62330874854867,2.613626763918081
6.117865453988458,10.308087808729967,4.264192632990417,5.024766165886024,4.312370966477137,-0.07569063671796317,-1.5091670698253663,3.1427567389160744,9.20498047532709,2.501268274737131
6.117865453988458,10.350729735059872,4.295620200379577,5.067889875550795,4.4044207712304075,-0.09078230741621683,-1.484154387077995,3.42363385853422,8.774064261010276,2.4059496550488793
6.117865453988458,10.393685937063667,4.329856538964919,5.111934083263098,4.492161413840511,-0.10562385128699678,-1.4600948905275062,3.6776855074589117,8.332451898255187,2.32818428217302
6.117865453988458,10.436984502453317,4.366633394039509,5.156855697401504,4.575485932823063,-0.12022480019227184,-1.436813047705776,3.9061022341828835,7.8818718918267425,2.268172041856838
6.117865453988458,10.480650836393712,4.405694416381338,5.202610556729734,4.65430465174133,-0.1345929306693296,-1.4141313272872076,4.1102815323497675,7.423861959134266,2.225823416150758
6.117865453988458,10.524707780557526,4.446797231704836,5.249153603247148,4.728543271332673,-0.14873424394220167,-1.3918730931257,4.2917753620747705,6.9597503450301215,2.2007835396031172
6.117865453988458,10.569175752874575,4.489714985325584,5.296439035960475,4.798140774782974,-0.16265297487345867,-1.3698652577296688,4.452244980080593,6.490644757190881,2.192456091673771
6.117865453988458,10.61407290272783,4.53423743512639,5.344420443708304,4.863047222354883,-0.17635162745075536,-1.347940696812931,4.593422774436804,6.017427658717798,2.200026890583706
6.117865453988458,10.659415277079095,4.580171662870758,5.393050915931853,4.923221498942061,-0.18983103441888466,-1.3259404279070939,4.717080683310002,5.540756681488152,2.22248705328834
6.117865453988458,10.705216993707802,4.6273424697038585,5.442283130921274,4.978629065756943,-0.2030904386979556,-1.3037155573742105,4.825004708189104,5.06106901848773,2.258655589689049
6.117865453988458,10.75149041840484,4.675592516785749,5.492069421578843,5.02923975594182,-0.2161275942716977,-1.28112900147732,4.918974997879384,4.578588792909829,2.307201306275252
6.117865453988458,10.798246343572698,4.724782266764543,5.542361819138261,5.0750256438709185,-0.2289388842864709,-1.2580569884145676,5.000750970870384,4.093336568904727,2.3666639036423014
6.117865453988458,10.845494166240343,4.774789776473247,5.59311207557697,5.115959009559965,-0.2415194541706166,-1.2343903493781445,5.072060953699587,3.6051403513091826,2.435474161820005
6.117865453988458,10.893242064005076,4.825510386010243,5.644271665672569,5.152010413073057,-0.25386335766439805,-1.2100356077599446,5.134595836670348,3.113647611747604,2.511973115152884
6.117865453988458,10.941497167865178,4.876856344376947,5.6957917698033,5.1831468891905335,-0.2659637137419975,-1.1849158766084158,5.190006282010562,2.618338072257696,2.5944301230139892
6.117865453988458,10.990265731308947,4.928756407197052,5.747623238695206,5.20933026991311,-0.2778128725080817,-1.1589715753782759,5.239903060442788,2.1185371743303163,2.6810597428579954
6.117865453988458,11.039553295380918,4.98115543780148,5.799716541394337,5.230515641656413,-0.28940258826186444,-1.132160977949696,5.285860138006703,1.613430362882463,2.770037307617528
6.117865453988458,11.089364849758933,5.034014039181547,5.8520216978109,5.246649945285237,-0.3007241980413614,-1.1044606048735206,5.329420184221874,1.102078525250706,2.859513100545031
6.117865453988458,11.139704990150749,5.0873082410237656,5.904488197263753,5.257670730537744,-0.3117688040900966,-1.0758654738680702,5.372102224224791,0.5834351504790973,2.94762500844188
6.117865453988458,11.190578072560987,5.141029263266013,5.95706490456913,5.263505082042535,-0.3225274588287773,-1.0463892237836514,5.415411210860613,0.05636602074606801,3.032509520884768
6.117865453988458,11.241988365193647,5.1951833753746195,6.009699955389555,5.264068742249996,-0.3329913510666138,-1.0160641285748038,5.460849348040588,-0.48032747810799586,3.112310931774681
6.117865453988458,11.293940198947393,5.249791868855025,6.062340642812055,5.259265467468916,-0.3431519923523619,-0.9849410192570569,5.509929055017077,-1.0278800297328992,3.1851885948991723
6.117865453988458,11.346438117635943,5.304891159405196,6.114933297486744,5.248986667171587,-0.35300140254493245,-0.9530891333080652,5.564187524664288,-1.5875272968881147,3.249322093523704
6.117865453988458,11.399487029229995,5.360533034651839,6.1674231641584605,5.233111394202705,-0.3625322938780131,-0.9205959123728282,5.625202900791816,-2.160461930138966,3.3029142136748284
6.117865453988458,11.453092359576514,5.416785063659757,6.2197542781004875,5.2115067749013155,-0.3717382530017414,-0.88756677023608,5.694612184971202,-2.747778114745745,3.3441916724500373
6.117865453988458,11.507260210213111,5.473731185509469,6.271869345849501,5.184028993753858,-0.3806139207041022,-0.8541248535115796,5.774131089175001,-3.3504016568179105,3.371403659492323
6.117865453988458,11.561997522068205,5.531472496401219,6.323709635787039,5.150524977185679,-0.389155169239218,-0.8204108169166564,5.865576185442159,-3.969002194219994,3.3828184167607276
6.117865453988458,11.617312247032217,5.59012825825564,6.375214885558896,5.110834955243479,-0.39735927740838456,-0.7865826327490492,5.97088987798513,-4.603883788240497,3.376718324486673
6.117865453988458,11.673213529614774,5.649837157035491,6.426323235111331,5.064796117361074,-0.40522510373587506,-0.7528154495041824,6.092168946976779,-5.254850009371219,3.3513942927105114
6.117865453988458,11.729711901185128,5.710758846505259,6.476971196284942,5.012247617267362,-0.4127532582309169,-0.7193015065770774,6.231697694267747,-5.921039824144221,3.3051406826547804
6.117865453988458,11.786819489650181,5.773075823447937,6.527093672457616,4.95303721902592,-0.41994627329668766,-0.6862500997505295,6.391987058850222,-6.600731329091197,3.2362524870399376
6.117865453988458,11.84455024788466,5.836995694036439,6.5766240446478745,4.887029905735008,-0.42680877429419295,-0.6538875748801302,6.575821446040686,-7.291111938054562,3.1430270372457514
6.117865453988458,11.902920204825024,5.9027539084968454,6.625494343705225,4.814118786354462,-0.43334765004299425,-0.6224573045076727,6.786315380025995,-7.988016347212376,3.0237729788333474
6.117865453988458,11.961947743909993,5.970617062297105,6.673635531568769,4.734238622882338,-0.439572223088071,-0.5922195747193392,7.026982345810944,-8.685637850084847,2.876829487869555
6.117865453988458,12.021653914532964,6.0408868857552145,6.720977917797593,4.64738224438149,-0.44549441883526436,-0.5634512798406436,7.301818163993329,-9.376224697472628,2.7005984070190685
6.117865453988458,12.082062783390516,6.113905067395148,6.767451740241408,4.553619997406764,-0.4511289316336708,-0.5364452957704529,7.615400682311819,-10.049781401324616,2.4935907601919047
6.117865453988458,12.143201834064467,6.190059074218266,6.812987940215476,4.453122183393518,-0.45649338459137534,-0.5115093881685338,7.97300612615965,-10.693805063056296,2.2544864462975056
6.117865453988458,12.205102424806649,6.269789135479862,6.857519162049411,4.3461841327629545,-0.4616084784730607,-0.4889645237055587,8.380739734179672,-11.29309832228296,1.9822012631188162
6.117865453988458,12.267800316161447,6.353596532821659,6.900981003377041,4.233253149540125,-0.4664981237101163,-0.46914251107437055,8.845673986030327,-11.829711932658407,1.6759483325183453
6.117865453988458,12.331336281489664,6.442053272681963,6.943313534872442,4.11495603021354,-0.47118954882086,-0.4523830277491871,9.37598174579501,-12.283078834726286,1.3352714346964163
6.117865453988458,12.395756814216483,6.5358130901399125,6.984463095174577,3.9921252418662774,-0.4757133790983519,-0.4390303134022229,9.981044493983145,-12.63040442294163,0.960016423392369
6.117865453988458,12.461114945117883,6.635623535079744,7.02438434759324,3.865821197636861,-0.4801036822323741,-0.42943014916829925,10.671508872502052,-12.84737024587037,0.5501956719141367
6.117865453988458,12.52747118046868,6.7423386238047645,7.063042559569609,3.7373474951781573,-0.48439798372405707,-0.42392819244915786,11.459260426509525,-12.909186391314517,0.10569271283485193
6.117865453988458,12.594894566706728,6.856931228069859,7.10041603452139,3.608255631265012,-0.48863726564854865,-0.4228712653208093,12.357284908019379,-12.791988382357195,-0.3742455321254141
6.117865453988458,12.663463878987427,6.980504077150053,7.136498590834041,3.48033574744144,-0.4928659783017567,-0.4266137206420635,13.379397966496821,-12.474517765269512,-0.8917683276480682
6.117865453988458,12.733268919758927,7.114298056815022,7.1713019483084555,3.355590569788745,-0.4971321155081774,-0.43553140391854417,14.539845080675848,-11.939956933899028,-1.4514421428408457
6.117865453988458,12.804411900327077,7.25969650762178,7.204857854006343,3.2361910004497547,-0.5014874295473628,-0.45004582534695264,15.852803465369004,-11.177719577322756,-2.061496528810482
6.117865453988458,12.877008865403294,7.41822454227547,7.23721976401084,3.1244138046765273,-0.5059878878008324,-0.47066079063505745,17.331850344571897,-10.184945730225952,-2.7352013005898406
6.117865453988458,12.951191110826048,7.591543045721189,7.268463902057605,3.0225643473742676,-0.510694495707183,-0.49801280364095585,18.9894876888326,-8.967434735005835,-3.492225408582471
6.117865453988458,13.02710654128326,7.781437922609515,7.298689545531348,2.932890000024209,-0.5156746237435925,-0.5329350577267805,20.836821774203443,-7.539787224743991,-4.359788003195052
6.117865453988458,13.104920920509356,7.98980614035155,7.3280184455315895,2.8574921277767693,-0.5210039743208603,-0.576532937758731,22.88347968067122,-5.924624468821704,-5.373402300355687
6.117865453988458,13.184818981912871,8.218640937158263,7.356593366809357,2.798245883088552,-0.5267693036984477,-0.6302669607622879,25.137803897151457,-4.150899327561056,-6.5770390945285255
6.117865453988458,13.267005391284453,8.470018976129777,7.384575825640243,2.7567368898129416,-0.5330719733060705,-0.6960373517075732,27.60730743452944,-2.25147962255295,-8.022593008989292
6.117865453988458,13.351705581045751,8.746092050475072,7.4121431945383724,2.734222093587412,-0.5400323468231462,-0.7762632817974661,30.299305554915733,-0.2603338569206843,-9.768601845024927
6.117865453988458,13.4391665015505,9.04908510602423,7.4394854154742465,2.731618755018205,-0.5477949796411208,-0.8739493002477153,33.22157373847452,1.7902536979381256,-11.878220002307287
6.117865453988458,13.529657352610743,9.381300843408974,7.466801603024429,2.749521291997586,-0.5565344726435979,-0.9927315002707882,36.38281294030253,3.871982826793874,-14.416451414069124
6.117865453988458,13.623470361044832,9.745128972812,7.494296815944405,2.788241120265525,-0.5664617876463058,-1.1368960144114795,39.79261721740833,5.961924372195358,-17.446580557904785
6.117865453988458,13.720921650772953,10.143055144986082,7.52217922714706,2.847860363987478,-0.5778307477904207,-1.3113618199905273,43.46050425302502,8.042610870200168,-21.025582387086008
6.117865453988458,13.822352202222813,10.577660187516333,7.5506578307869345,2.92828647268948,-0.590944365990326,-1.5216176438613873,47.39333624557633,10.10044571102771,-25.198024552790766
6.117865453988458,13.928128804097977,11.051593549972097,7.579940695513829,3.0292909297997572,-0.6061605424289398,-1.773597889389295,51.59005292431152,12.121926356377719,-29.987568220251372
6.117865453988458,14.038644739597698,11.567494079215212,7.610233604811827,3.150510193363534,-0.6238965213228328,-2.0734735715918085,56.03195560553185,14.086871622986328,-35.38457192701799
6.117865453988458,14.15431968038985,12.127813635270531,7.641738706745462,3.2913789095933974,-0.6446312570387509,-2.4273192908619885,60.66569305535925,15.957314221103536,-41.327417122294335
6.117865453988458,14.275597816742556,12.734470565824124,7.674652495841396,3.4509520518044328,-0.6689044499473707,-2.840593462084932,65.37451909120787,17.66004809164082,-47.67390420228424
6.117865453988458,14.402942522400798,13.388215756736201,7.709162016359441,3.627552532720841,-0.69731038456822,-3.317332504107774,69.93151924161921,19.060466465843017,-54.157437208400445
6.117865453988458,14.53682467996816,14.087530949152393,7.745437541686649,3.818157197379271,-0.7304837096092978,-3.858906876191779,73.92756335470128,19.926813006694204,-60.32134313831858
6.117865453988458,14.677699989459683,14.826806582699406,7.783619113660442,4.017425327446213,-0.7690727783712156,-4.462120307574965,76.67077792384963,19.891261383367596,-65.42614449657351
6.117865453988458,14.825968055286676,15.593514361937903,7.823793366934904,4.216337941279889,-0.8136939814469653,-5.1163817525407005,77.07351152264458,18.43521734628235,-68.33671189644478
6.117865453988458,14.981903198906055,16.36424947716435,7.8659567463477025,4.400690114742712,-0.8648577989723722,-5.799748871505148,73.59553039221028,14.968830401385812,-67.43689455975147
6.117865453988458,15.145545693677699,17.100204781086454,7.90996364749513,4.55037841875657,-0.9228552876874238,-6.4741178171026625,64.41094772913776,9.119986796909267,-60.713214417773834
6.117865453988458,15.316547741488563,17.74431425837783,7.955467431682695,4.641578286725663,-0.9875964658584504,-7.081249961280401,48.04968368958057,1.2845777923608286,-46.27625609163707
6.117865453988458,15.49399088407234,18.224811095273637,8.001883214549952,4.654424064649271,-1.0,0.0,28.42345595470555,-6.169293142621236,-24.703132171336993
6.117865453988458,15.676238995025077,18.509045654820692,8.048427455196444,4.592731133223059,-1.0,-0.24703132171336994,0.5735261246386335,-12.358377924070505,4.154285839767829
6.117865453988458,15.861329451573283,18.514780916067078,8.094354766528674,4.469147353982354,-1.0,0.0,-27.197488642788116,-14.4802338976362,34.667727821126164
6.117865453988458,16.046477260733955,18.242806029639198,8.139046240068497,4.324345015005992,-1.0,0.34667727821126165,-50.15752410660643,-12.589525819606337,61.09762863013314
6.117865453988458,16.228905321030346,17.741230788573134,8.182289690218557,4.198449756809929,-0.9965332272178874,0.957653564512593,-65.56069851634058,-8.40805457036787,79.51450236278889
6.117865453988458,16.406317628916078,17.085623803409728,8.224274187786657,4.11436921110625,-0.9869566915727614,1.752798588140482,-73.56837417319237,-3.838975103872876,89.13919247204713
6.117865453988458,16.577173866950176,16.349940061677806,8.265417879897718,4.075979460067521,-0.9694287056913566,2.6441905128609533,-75.94061504570666,0.012238708394794894,91.40483892954647
6.117865453988458,16.740673267566955,15.590533911220739,8.306177674498393,4.076101847151469,-0.9429868005627471,3.5582389021564182,-74.69534299046644,2.832850093606464,88.4851320014496
6.117865453988458,16.896578606679164,14.843580481316074,8.346938692969907,4.104430348087534,-0.9074044115411829,4.443090222170914,-71.4343906727165,4.732005724624742,82.36458586443798
