f (N),th1 (rad),w1 (rad/s),th2 (rad),w2 (rad/s),x (m),vx (m/s),a1 (rad/s^2),a2 (rad/s^2),ax (m/s^2)
0.17327106784270363,3.568604982576981,-1.2905450882090004,6.194857300815977,-2.434502622148082,0.0,0.0,6.744370112273693,-0.5185347864303561,-2.5818167191659946
0.17327106784270363,3.5556995316948914,-1.2231013870862635,6.170512274594497,-2.4396879700123857,0.0,-0.025818167191659948,6.6526707007040695,0.10006018482342995,-2.7980220075259736
0.17327106784270363,3.543468517824029,-1.1565746800792227,6.146115394894373,-2.4386873681641514,-0.00025818167191659947,-0.053798387266919684,6.56390015090414,0.7084197754719134,-3.0015813197401866
0.17327106784270363,3.5319027710232365,-1.0909356785701814,6.121728521212732,-2.4316031704094323,-0.0007961655445857963,-0.08381420046432156,6.479271486082769,1.3017799165059127,-3.191289722901003
0.17327106784270363,3.5209934142375348,-1.0261429637093538,6.0974124895086375,-2.4185853712443732,-0.0016343075492290119,-0.11572709769333159,6.3997848323049356,1.8759924410802138,-3.3661638919314956
0.17327106784270363,3.510731984600441,-0.9621451153863044,6.0732266357961935,-2.399825446833571,-0.0027915785261623275,-0.14938873661264654,6.3262151743448225,2.4275865623352684,-3.5254610321577755
0.17327106784270363,3.5011105334465777,-0.8988829636428562,6.049228381327858,-2.375549581210218,-0.004285465892288793,-0.1846433469342243,6.259111514412032,2.953795895369702,-3.6686865561609294
0.17327106784270363,3.4921217038101493,-0.836291848498736,6.0254728855157556,-2.3460116222565213,-0.0061318993616310356,-0.2213302124958336,6.198806301917776,3.452553634180432,-3.7955913143772126
0.17327106784270363,3.483758785325162,-0.7743037854795581,6.002012769293191,-2.311486085914717,-0.008345201486589371,-0.25928612563960574,6.145433344575996,3.9224604747686422,-3.906159833034042
0.17327106784270363,3.4760157474703663,-0.7128494520337981,5.9788979084340435,-2.2722614811670305,-0.010938062742985429,-0.29834772396994613,6.098952017564295,4.362731112136767,-4.000591423306574
0.17327106784270363,3.4688872529500285,-0.6518599318581552,5.9561752936223735,-2.228634170045663,-0.01392153998268489,-0.3383536382030119,6.059175459945415,4.773125628216974,-4.0792761927737935
0.17327106784270363,3.462368653631447,-0.591268177258701,5.933888951921917,-2.180902913763493,-0.01730507636471501,-0.37914640013074985,6.025800551078233,5.153871927742367,-4.142767947386446
0.17327106784270363,3.4564559718588597,-0.5310101717479186,5.912079922784282,-2.1293641944860693,-0.021096540366022508,-0.4205740796046143,5.998437736173192,5.50558472997826,-4.191755771685449
0.17327106784270363,3.4511458701413806,-0.47102579438618675,5.890786280839421,-2.0743083471862866,-0.025302281162068653,-0.4624916373214688,5.976639152570523,5.829185668753971,-4.227035775839727
0.17327106784270363,3.4464356121975186,-0.4112594028604815,5.870043197367559,-2.016016490498747,-0.02992719753528334,-0.5047619950798661,5.959923933213489,6.125827963648208,-4.249484155193432
0.17327106784270363,3.442323018168914,-0.3516601635283466,5.8498830324625715,-1.954758210862265,-0.034974817486082,-0.5472568366318004,5.947799979119264,6.396828041965152,-4.2600323659013
0.17327106784270363,3.4388064165336303,-0.292182163737154,5.830335450353949,-1.8907899304426135,-0.0404473858524,-0.5898571602908134,5.939781861717169,6.6436055133833785,-4.2596449100592295
0.17327106784270363,3.4358845948962586,-0.2327843451199823,5.811427551049523,-1.8243538753087796,-0.04634595745530813,-0.6324536093914057,5.9354048176079734,6.867632084536912,-4.249299963577018
0.17327106784270363,3.433556751445059,-0.17343029694390258,5.793184012296435,-1.7556775544634105,-0.05267049354922219,-0.6749466090271758,5.934235024892469,7.070389371738212,-4.2299728769569125
0.17327106784270363,3.4318224484756197,-0.11408794669497789,5.775627236751801,-1.6849736607460284,-0.059419959639493945,-0.717246337796745,5.935876504061778,7.253335122893602,-4.202622432128837
0.17327106784270363,3.43068156900867,-0.054729181654360116,5.758777500144341,-1.6124403095170923,-0.06659242301746139,-0.7592725621180333,5.9399750763271735,7.417877074045801,-4.168179641447558
0.17327106784270363,3.4301342771921264,0.004670569108911622,5.74265309704917,-1.5382615387766343,-0.07418514863864173,-0.8009543585325088,5.946219850266061,7.565353513081902,-4.127538819213755
0.17327106784270363,3.4301809828832157,0.06413276761157224,5.727270481661404,-1.4626080036458153,-0.08219469222396682,-0.8422297467246465,5.9543427066845425,7.697019571869579,-4.0815506323033945
0.17327106784270363,3.4308223105593316,0.12367619467841767,5.712644401624946,-1.3856378079271194,-0.09061698969121328,-0.8830452530476804,5.964116223753868,7.814038289154244,-4.031016835901674
0.17327106784270363,3.432059072506116,0.18331735691595635,5.698788023545674,-1.307497425035577,-0.09944744222169008,-0.9233554214066972,5.975350440140245,7.917475554802536,-3.9766864153975856
0.17327106784270363,3.4338922460752754,0.2430708613173588,5.685713049295319,-1.2283226694875518,-0.10868099643575706,-0.9631222855606731,5.987888801269522,8.008298141277683,-3.919252880156732
0.17327106784270363,3.436322954688449,0.30294974933005403,5.673429822600443,-1.148239688074775,-0.11831221929136379,-1.0023148143622405,6.0016035791804985,8.087374135464245,-3.859352484589291
0.17327106784270363,3.4393524521817493,0.362965785121859,5.661947425719696,-1.0673659467201324,-0.1283353674349862,-1.0409083392081333,6.01639100384934,8.15547519248948,-3.7975631834178665
0.17327106784270363,3.442982110032968,0.4231296951603524,5.651273766252494,-0.9858111947952376,-0.13874445082706752,-1.078883971042312,6.032166296059588,8.213280136078893,-3.7344041591566266
0.17327106784270363,3.4472134069845715,0.4834513581209483,5.6414156543045415,-0.9036783934344487,-0.14953329053749065,-1.1162280126338782,6.0488587502665165,8.261379523160365,-3.670335789201115
0.17327106784270363,3.452047920565781,0.5439399456236135,5.632378870370197,-0.821064598202845,-0.16069557066382942,-1.1529313705258892,6.066406980979944,8.300280871914413,-3.6057599468666477
0.17327106784270363,3.457487320022017,0.6046040154334129,5.6241682243881685,-0.7380617894837009,-0.1722248843690883,-1.1889889699945557,6.084754417865216,8.330414321719902,-3.5410205548880724
0.17327106784270363,3.463533360176351,0.665451559612065,5.6167876064933315,-0.6547576462665019,-0.18411477406903387,-1.2243991755434365,6.103845112538908,8.352138550854395,-3.476404331257888
0.17327106784270363,3.4701878757724716,0.7264900107374541,5.610240030030666,-0.571236260757958,-0.19635876582446823,-1.2591632188560153,6.123619903186311,8.365746824309133,-3.412141685941084
0.17327106784270363,3.477452775879846,0.7877262097693172,5.604527667423087,-0.48757879251486663,-0.2089503980130284,-1.2932846357154262,6.144012970814938,8.37147308086884,-3.3484077431465056
0.17327106784270363,3.485330037977539,0.8491663394774666,5.599651879497938,-0.4038640617061782,-0.22188324437018264,-1.3267687131468913,6.164948812316034,8.369497996971587,-3.2853234776593205
0.17327106784270363,3.4938217013723136,0.9108158276006268,5.595613238880876,-0.32016908173646236,-0.23515093150165156,-1.3596219479234846,6.186339649692573,8.35995498605539,-3.222956965437126
0.17327106784270363,3.50292985964832,0.9726792240975526,5.592411548063511,-0.23656953187590846,-0.2487471509808864,-1.3918515175778559,6.208083291037907,8.342936107274046,-3.161324758399368
0.17327106784270363,3.5126566518892957,1.0347600570079316,5.590045852744752,-0.153140170803168,-0.262665666156665,-1.4234647651618495,6.230061456394642,8.318497867655175,-3.100393401209646
0.17327106784270363,3.523004252459375,1.097060671571878,5.58851445103672,-0.06995519212661624,-0.27690031380828345,-1.454468699173946,6.252138579845874,8.286666907877633,-3.0400811139328723
0.17327106784270363,3.533974859175094,1.1595820573703368,5.587814899115454,0.012911476952160092,-0.2914450008000229,-1.4848695103132747,6.27416109752779,8.247445564636898,-2.9802596687741683
0.17327106784270363,3.5455706797487974,1.2223236683456147,5.587944013884975,0.09538593259852908,-0.30629369590315564,-1.5146721070010165,6.295957229223656,8.200817302711407,-2.9207564916729076
0.17327106784270363,3.5577939164322534,1.2852832406378512,5.588897873210961,0.17739410562564314,-0.32144041697316583,-1.5438796719177457,6.317337258407589,8.14675200791532,-2.861357020312791
0.17327106784270363,3.570646748838632,1.3484566132219271,5.590671814267217,0.2588616257047963,-0.3368792136923433,-1.5724932421208735,6.338094311743742,8.08521112863223,-2.8018073490908484
0.17327106784270363,3.5841313149708514,1.4118375563393646,5.593260430524265,0.3397137369911186,-0.35260414611355206,-1.600511315611782,6.35800563389786,8.016152649026147,-2.741817188748151
0.17327106784270363,3.598249690534245,1.4754176126783431,5.596657567894177,0.4198752634813801,-0.36860925926966986,-1.6279294874992636,6.376834346968458,7.939535871745147,-2.6810631637115585
0.17327106784270363,3.6130038666610282,1.5391859561480277,5.60085632052899,0.49927062219883156,-0.3848885541446625,-1.654740119136379,6.394331675887942,7.8553259823700445,-2.619192463780231
0.17327106784270363,3.6283957262225086,1.603129272906907,5.605849026750978,0.577823882022532,-0.4014359553360263,-1.6809320437741815,6.410239611886609,7.763498362403977,-2.555826858720509
0.17327106784270363,3.6444270189515775,1.6672316690257731,5.611627265571204,0.6554588656465717,-0.4182452757737681,-1.7064903123613866,6.424293975780228,7.664042612624465,-2.4905670747852646
0.17327106784270363,3.6610993356418353,1.7314746087835755,5.618181854227669,0.7320992917728164,-0.43531017889738194,-1.7313959831092391,6.436227831777123,7.5569662444917896,-2.4229975214046338
0.17327106784270363,3.678414081729671,1.7958368871013468,5.625502847145397,0.8076689542177343,-0.45262413872847435,-1.7556259583232854,6.445775191154481,7.442297994369619,-2.3526913446409528
0.17327106784270363,3.6963724506006845,1.8602946390128916,5.6335795366875745,0.8820919341614305,-0.4701803983117072,-1.779152871769695,6.452674934073031,7.320090713880057,-2.2792157718782615
0.17327106784270363,3.7149753969908135,1.9248213883536218,5.642400456029189,0.9552928413002311,-0.4879719270294042,-1.8019450294884776,6.456674867599914,7.190423790053589,-2.2021377001110616
0.17327106784270363,3.73422361087435,1.989388137029621,5.651953384442192,1.027197079200767,-0.505991377324289,-1.8239664064895882,6.457535829345495,7.0534050512536925,-2.121029468644592
0.17327106784270363,3.754117492244646,2.053963495323076,5.6622253552342,1.0977311297133039,-0.5242310413891849,-1.845176701176034,6.45503573964108,6.909172119284048,-2.03547474658245
0.17327106784270363,3.7746571271978766,2.1185138527194867,5.673202666531333,1.1668228509061445,-0.5426828084009452,-1.8655314486418586,6.4489735014903085,6.757893174659799,-1.9450744567144473
0.17327106784270363,3.7958422657250717,2.18300358773439,5.684870895040395,1.2344017826527425,-0.5613381228873637,-1.8849821932090032,6.439172647117791,6.599767110669744,-1.8494526508449205
0.17327106784270363,3.8176723016024154,2.247395314205568,5.697214912866922,1.3003994537594399,-0.5801879448194538,-1.9034767197174525,6.4254846331670485,6.435023062385564,-1.7482622476579242
0.17327106784270363,3.840146254744471,2.3116501605372384,5.710218907404517,1.3647496843832956,-0.5992227120166284,-1.9209593421940316,6.407791693631027,6.263919308882489,-1.6411905432265126
0.17327106784270363,3.8632627563498434,2.3757280774735485,5.7238664042483505,1.4273888774721204,-0.6184323054385686,-1.9373712476262968,6.3860091703793875,6.086741560207072,-1.527964406420633
0.17327106784270363,3.8870200371245787,2.4395881691773424,5.738140293023072,1.4882562930741912,-0.6378060179148316,-1.952650891690503,6.360087255392315,5.90380065455081,-1.4083550767696071
0.17327106784270363,3.911415918816352,2.5031890417312654,5.753022855953814,1.5472942996196992,-0.6573325268317366,-1.966734442458199,6.330012096007597,5.715429705081448,-1.282182490634272
0.17327106784270363,3.9364478092336648,2.5664891626913415,5.768495798950011,1.6044485966705138,-0.6769998712563186,-1.9795562673645417,6.295806233918524,5.5219807493235615,-1.149319072513321
0.17327106784270363,3.9621127008605783,2.629447225030527,5.784540284916716,1.6596684041637493,-0.696795433929964,-1.991049458089675,6.257528369445083,5.323820966241096,-1.009692941468203
0.17327106784270363,3.9884071731108834,2.692022508724978,5.801136968958353,1.7129066138261602,-0.7167059285108608,-2.001146387504357,6.2152724637557055,5.121328536666951,-0.863290497398277
0.17327106784270363,4.015327398198133,2.7541752333625347,5.818266035096615,1.7641198991928297,-0.7367173923859044,-2.0097792924783398,6.169166212221864,4.91488823093426,-0.7101583675477275
0.17327106784270363,4.042869150531758,2.815866895484753,5.835907234088543,1.8132687815021724,-0.7568151853106878,-2.016880876153817,6.119368940958991,4.704886813087671,-0.5504047094580912
0.17327106784270363,4.071027819486606,2.877060584894343,5.854039921903564,1.8603176496330491,-0.776983994072226,-2.022384923248398,6.066068994967735,4.491708353625524,-0.3841998818893724
0.17327106784270363,4.099798425335549,2.9377212748440202,5.8726430983998945,1.9052347331693045,-0.79720784330471,-2.0262269220672917,6.009480699428149,4.275729542238478,-0.21177650937436562
0.17327106784270363,4.129175638083989,2.9978160818383017,5.891695445731588,1.9479920285916892,-0.8174701125253828,-2.0283446871610353,5.949840985115907,4.0573150885225475,-0.03342897850160842
0.17327106784270363,4.159153798902373,3.057314491689461,5.911175366017505,1.9885651794769146,-0.8377535593969931,-2.0286789769460514,5.887405774341735,3.836813292369687,0.15048758566882015
0.17327106784270363,4.1897269438192675,3.1161885494328785,5.931061017812274,2.0269333124006113,-0.8580403491664537,-2.027174101089363,5.822446225242502,3.6145518570322634,0.33955880672850175
0.17327106784270363,4.220888829313596,3.1744130116853033,5.9513303509362805,2.063078830970934,-0.8783120901773473,-2.0237785130220782,5.755244929883478,3.3908340071897256,0.5333129458237043
0.17327106784270363,4.252632959430449,3.231965460984138,5.97196113924599,2.096987171042831,-0.8985498753075681,-2.0184453835638414,5.686092155871807,3.165934962266988,0.7312231276032239
0.17327106784270363,4.28495261404029,3.2888263825428563,5.9929310109564184,2.1286465206655008,-0.9187343291432065,-2.011133152287809,5.615282212590494,2.940098802358541,0.9327098377888557
0.17327106784270363,4.317840877865719,3.3449792046687614,6.014217476163074,2.1580475086890862,-0.9388456606660847,-2.0018060539099207,5.5431100124014225,2.7135357510000846,1.1371436282793106
0.17327106784270363,4.351290669912407,3.400410304792776,6.035797951249965,2.185182866199087,-0.9588637212051838,-1.9904346176271277,5.469867884945813,2.486419886269665,1.343847968710173
0.17327106784270363,4.385294772960335,3.455108983642234,6.057649779911955,2.2100470650617834,-0.978768067381455,-1.976996137940026,5.395842689700301,2.2588872798040804,1.5521021877026078
0.17327106784270363,4.419845862796757,3.5090674105392368,6.079750250562573,2.232635937859824,-0.9985380287608553,-1.961475116063,5.3213132588916565,2.03103455271407,1.7611444522510824
0.17327106784270363,4.454936536902149,3.5622805431281535,6.102076609941172,2.2529462833869647,-1.0,0.0,5.4155077907748295,1.7985187397103204,1.9559465385095827
0.17327106784270363,4.490559342333431,3.616435621035902,6.124606072775041,2.2709314707840678,-1.0,0.01955946538509583,5.3128482115815,1.5715232298691846,2.1721169052783496
0.17327106784270363,4.52672369854379,3.6695641031517168,6.147315387482882,2.2866467030827597,-0.999804405346149,0.04128063443787933,5.210900099716059,1.3439974086401383,2.385480715075907
0.17327106784270363,4.563419339575308,3.7216731041488775,6.17018185451371,2.300086677169161,-0.9993915990017702,0.0651354415886384,5.109893493516245,1.1158754963775201,2.5950693120737016
0.17327106784270363,4.600636070616797,3.77277203908404,6.193182721285401,2.311245432132936,-0.9987402445858838,0.09108613470937542,5.010035454331959,0.8870486128954156,2.79989533475664
0.17327106784270363,4.638363791007637,3.8228723936273594,6.216295175606731,2.3201159182618905,-0.9978293832387901,0.11908508805694182,4.911509693154927,0.657365143303129,2.9989555705126008
0.17327106784270363,4.676592514943911,3.871987490558909,6.23949633478935,2.326689569694922,-0.9966385323582206,0.14907464376206783,4.814476514770015,0.42663131415374245,3.191233576684716
0.17327106784270363,4.7153123898495,3.920132255706609,6.262763230486299,2.3309558828364594,-0.9951477859205999,0.180986979528915,4.719073032917253,0.19461194639368082,3.375702063240676
0.17327106784270363,4.754513712406566,3.9673229860357813,6.286072789314663,2.332902002300396,-0.9933379161253107,0.21474400016132175,4.6254136113641895,-0.03896864292326711,3.551325035382702
0.17327106784270363,4.794186942266924,4.013577122149423,6.309401809337667,2.3325123158711634,-0.9911904761236975,0.2502572505151488,4.533590489125236,-0.27442561111866315,3.7170596972610177
0.17327106784270363,4.834322713488418,4.058913027040675,6.332726932496379,2.3297680597599766,-0.988687903618546,0.28742784748775896,4.44367455315068,-0.512112444975919,3.87185812080369
0.17327106784270363,4.874911843758825,4.103349772572182,6.356024613093979,2.3246469353102173,-0.9858136251436684,0.32614642869579585,4.355716228522445,-0.7524197028701127,4.014668686934203
0.17327106784270363,4.915945341484546,4.146906934857406,6.379271082447081,2.3171227382815163,-0.9825521608567105,0.3662931155651379,4.26974646449338,-0.9957736349905512,4.144437310568886
0.17327106784270363,4.95741441083312,4.18960439950234,6.402442309829897,2.307165001931611,-0.9788892297010591,0.40773748867082676,4.18577780464142,-1.2426346597872853,4.260108466283658
0.17327106784270363,4.9993104548281435,4.231462177548754,6.425513959849213,2.294738655333738,-0.9748118548143508,0.45033857333366334,4.103805541135018,-1.4934956600972644,4.36062603899551
0.17327106784270363,5.041625076603631,4.2725002329601045,6.44846134640255,2.2798036987327657,-0.9703084690810142,0.4939448337236184,4.023808966891111,-1.748880045588898,4.444934034079959
0.17327106784270363,5.084350078933232,4.3127383226290155,6.471259383389878,2.262314898276877,-0.9653690207437781,0.538394174064418,3.9457527556392273,-2.00933950862012,4.511977194794155
0.17327106784270363,5.127477462159522,4.3521958501854074,6.493882532372647,2.2422215031906756,-0.9599850790031339,0.5835139460123596,3.8695885190882318,-2.2754513774867875,4.560701592557954
0.17327106784270363,5.170999420661376,4.3908917353762895,6.516304747404553,2.2194669894158077,-0.9541499395430103,0.6291209619379392,3.7952566131321928,-2.547815443151442,4.590055278547777
0.17327106784270363,5.214908338015139,4.4288443015076115,6.538499417298711,2.1939888349842933,-0.947858729923631,0.675021514723417,3.7226882920108926,-2.8270501012316394,4.5989891143089645
0.17327106784270363,5.259196781030215,4.4660711844277206,6.560439305648554,2.1657183339719768,-0.9411085147763968,0.7210114058665066,3.651808341263123,-3.113787608028456,4.586457935977512
-8.973772791471706,5.303857492874492,4.502589267840352,6.582096488988274,2.1345804578916923,-0.9338984007177317,0.7668759852262816,1.6253797232069536,-3.6252697663040747,1.117826928916336
-8.973772791471706,5.348883385552896,4.518843065072422,6.60344229356719,2.0983277602286514,-0.9262296408654689,0.778054254515445,1.4455641306837412,-3.963638807292841,0.9631770628680698
-8.973772791471706,5.3940718162036205,4.533298706379259,6.624425571169477,2.058691372155723,-0.9184490983203144,0.7876860251441257,1.2642449776677267,-4.314979180710279,0.7816809648784838
-8.973772791471706,5.439404803267413,4.545941156155936,6.6450124848910335,2.0155415803486205,-0.9105722380688731,0.7955028347929105,1.0807291318355996,-4.680228628058223,0.5730327014818094
-8.973772791471706,5.484864214828972,4.556748447474292,6.665167900694519,1.9687392940680384,-0.902617209720944,0.8012331618077286,0.8943023244148881,-5.060341620099227,0.33695416696155994
-8.973772791471706,5.5304316993037155,4.565691470718441,6.6848552936351995,1.918135877867046,-0.8946048781028667,0.8046027034773442,0.704234642594544,-5.456283873701642,0.07319592987272945
-8.973772791471706,5.5760886140109,4.572733817144386,6.70403665241387,1.8635730391300296,-0.8865588510680933,0.8053346627760715,0.5097882226254081,-5.869025525521697,-0.21846002789794206
-8.973772791471706,5.621815952182344,4.57783169937064,6.72267238280517,1.8048827838748127,-0.8785055044403326,0.8031500624970921,0.31022769931445215,-6.299532407060186,-0.5381951407861495
-8.973772791471706,5.667594269176051,4.580933976363784,6.740721210643918,1.741887459804211,-0.8704740038153617,0.7977681110892306,0.10483400065347735,-6.748754610157747,-0.88614602302095
-8.973772791471706,5.7134036089396885,4.581982316370319,6.75814008524196,1.6743999137026333,-0.8624963227044694,0.7889066508590211,-0.10707792554318685,-7.217611182006128,-1.2623924209774515
-8.973772791471706,5.759223432103392,4.580911537114887,6.774884084378987,1.602223801882572,-0.8546072561958792,0.7762827266492466,-0.3261369248743773,-7.706969327473633,-1.6669404838792818
-8.973772791471706,5.805032547474541,4.577650167866143,6.790906322397812,1.5251541086078357,-0.8468444289293867,0.7596133218104537,-0.5528886068237442,-8.21761591511364,-2.0997003410356725
-8.973772791471706,5.850809049153202,4.572121281797906,6.80615786348389,1.4429779494566994,-0.8392482957112822,0.738616318400097,-0.7877633611039858,-8.750218389661992,-2.560456820643413
-8.973772791471706,5.896530261971181,4.564243648186866,6.820587642978458,1.3554757655600795,-0.8318621325272813,0.7130117501936629,-1.0310397546865833,-9.305271426101205,-3.048831991930873
-8.973772791471706,5.942172698453049,4.55393325064,6.834142400634058,1.2624230512990675,-0.8247320150253447,0.6825234302743541,-1.2828043238391318,-9.883024903985357,-3.5642380848697104
-8.973772791471706,5.987712030959449,4.541105207401609,6.846766631147049,1.163592802259214,-0.8179067807226011,0.646881049425657,-1.5429097522727322,-10.483388190128116,-4.10581928785789
-8.973772791471706,6.033123083033465,4.525676109878882,6.858402559169641,1.0587589203579328,-0.8114379702283446,0.6058228565470781,-1.810934760485234,-11.105805538715844,-4.672381023495073
-8.973772791471706,6.078379844132254,4.507566762274029,6.8689901483732205,0.9477008649707744,-0.8053797416628738,0.5590990463121274,-2.086150759476185,-11.749098004333549,-5.262305675937308
-8.973772791471706,6.123455511754994,4.486705254679268,6.8784671570229285,0.830209884927439,-0.7997887511997526,0.5064759895527543,-2.3675024245752696,-12.411269076637323,-5.873454553205744
-8.973772791471706,6.1683225643017865,4.463030230433515,6.886769255872203,0.7060971941610658,-0.794723991304225,0.4477414440206969,-2.6536116928457525,-13.089274816812113,-6.503057307770717
-8.973772791471706,6.212952866606122,4.4364941135050575,6.8938302278138135,0.5752044459929446,-0.790246576864018,0.3827108709429897,-2.942816965871182,-13.778765106414218,-7.147592294150996
-8.973772791471706,6.257317807741172,4.407065943846345,6.899582272273743,0.4374167949288025,-0.7864194681545881,0.31123494800147977,-3.2332609163414485,-14.473810987331138,-7.8026645115045765
-8.973772791471706,6.301388467179636,4.374733334682931,6.9039564402230305,0.2926786850554911,-0.7833071186745733,0.23320830288643402,-3.5230402939699044,-15.166643733849655,-8.462891746357185
-8.973772791471706,6.345135800526465,4.339502931743232,6.906883227073585,0.14101224771699455,-0.7809750356457089,0.14857938542286217,-3.8104281491691463,-15.847443103944867,-9.121813801294842
-8.973772791471706,6.388530829843897,4.3013986502515404,6.908293349550755,-0.01746218332245411,-0.7794892417914803,0.05736124740991376,-4.094171302977599,-16.504222746825505,-9.77184324619165
-8.973772791471706,6.431544816346412,4.260456937221765,6.908118727717531,-0.18250441079070917,-0.7789156293173811,-0.04035718505200275,-4.3738521451341414,-17.122866198238025,-10.404277381843665
-8.973772791471706,6.47414938571863,4.216718415770424,6.906293683609624,-0.3537330727730894,-0.7793192011679011,-0.14439995887043938,-4.650283246142669,-17.687362599613976,-11.00938820218591
-8.973772791471706,6.516316569876334,4.170215583308997,6.902756352881893,-0.5306066987692292,-0.7807632007566055,-0.2544938408922985,-4.925877121143879,-18.180273169830855,-11.576598679312932
-8.973772791471706,6.558018725709425,4.120956812097559,6.897450285894201,-0.7124094304675377,-0.7833081391655285,-0.3702598276854278,-5.204906340463385,-18.58342662742164,-12.094739952048883
-8.973772791471706,6.5992282938304,4.068907748692925,6.8903261915895255,-0.8982436967417541,-0.7870107374423828,-0.49120722720591664,-5.493549608991845,-18.878799313481384,-12.552368233944916
-8.973772791471706,6.639917371317329,4.013972252603006,6.881343754622108,-1.087031689876568,-0.791922809714442,-0.6167309095453658,-5.79961922324712,-19.04949617184754,-12.938109132215596
-8.973772791471706,6.680057093843359,3.955976060370535,6.8704734377233425,-1.2775266515950434,-0.7980901188098957,-0.7461120008675217,-6.131896206031594,-19.08072910613357,-13.240998862952402
-8.973772791471706,6.7196168544470645,3.894657098310219,6.857698171207392,-1.468333942656379,-0.8055512388185709,-0.8785219894970457,-6.499067333628183,-18.96070305593536,-13.450811770155411
-8.973772791471706,6.758563425430166,3.8296664249739374,6.843014831780828,-1.6579409732157326,-0.8143364587135414,-1.0130301071985999,-6.908356810502953,-18.68136605748227,-13.558397589066848
-8.973772791471706,6.796860089679906,3.7605828568689077,6.826435422048671,-1.8447546337905554,-0.8244667597855274,-1.1486140830892684,-7.364052264620704,-18.239034678430624,-13.556083417337156
-8.973772791471706,6.834465918248595,3.686942334222701,6.807987875710765,-2.0271449805748616,-0.8359529006164201,-1.28417491726264,-7.866205290421454,-17.634933146653566,-13.438199770854899
-8.973772791471706,6.8713353415908225,3.6082802813184864,6.787716425905017,-2.2034943120413972,-0.8487946497890465,-1.418556914971189,-8.409805189026764,-16.875654040103253,-13.201748813023466
-8.973772791471706,6.907418144404008,3.524182229428219,6.765681482784602,-2.3722508524424297,-0.8629802189387584,-1.5505744031014237,-8.984660018727206,-15.973465701654508,-12.847149890182807
-8.973772791471706,6.94265996669829,3.434335629240947,6.741958974260178,-2.5319855094589747,-0.8784859629697727,-1.6790459020032518,-9.576078503774474,-14.946303889873466,-12.378905924427592
-8.973772791471706,6.9770033229907,3.338574844203202,6.716639119165588,-2.6814485483577095,-0.8952764219898052,-1.8028349612475276,-10.166266491127098,-13.817258397614058,-11.805982980258053
-8.973772791471706,7.010389071432732,3.236912179291931,6.6898246336820115,-2.8196211323338503,-0.9133047716022804,-1.9208947910501082,-10.736187395242862,-12.61344011365411,-11.141721422441199
-8.973772791471706,7.042758193225651,3.129550305339502,6.661628422358673,-2.9457555334703915,-0.9325137195127815,-2.03231200527452,-11.267539290723217,-11.364273603482742,-10.403200919688524
-8.973772791471706,7.074053696279046,3.01687491243227,6.6321708670239685,-3.059398269505219,-0.9528368395655267,-2.136344014471405,-11.744499705319901,-10.099436317127148,-9.610123831431421
-8.973772791471706,7.1042224454033684,2.899429915379071,6.601576884328916,-3.16039263267649,-0.9742002797102407,-2.2324452527857193,-12.154975718524273,-8.84677818721666,-8.783404621378205
-8.973772791471706,7.133216744557159,2.777880158193828,6.569972958002151,-3.248860414548657,-0.9965247322380979,-2.3202792989995014,-12.491235256012036,-7.630559066278527,-7.943711841909935
-8.973772791471706,7.160995546139097,2.6529678056337076,6.537484353856665,-3.3251660052114422,-1.0,0.0,-13.543096445967105,-6.803392806308057,-7.369245105404789
-8.973772791471706,7.187525224195435,2.5175368411740364,6.504232693804551,-3.3931999332745226,-1.0,-0.0736924510540479,-13.687685938370036,-5.665218632905759,-6.513820440970324
-8.973772791471706,7.212700592607175,2.380659981790336,6.470300694471805,-3.4498521196035803,-1.0,0.0,-13.80120822255011,-4.625507163744441,-5.711246995947749
-8.973772791471706,7.236507192425078,2.242647899564835,6.4358021732757695,-3.4961071912410246,-1.0,-0.057112469959477496,-13.808694123454195,-3.6579432644619705,-4.94734359901303
-8.973772791471706,7.258933671420727,2.104560958330293,6.400841101363359,-3.5326866238856445,-1.0,0.0,-13.785617434187024,-2.7858910109107033,-4.249529326367818
-8.973772791471706,7.27997928100403,1.9667047839884229,6.365514235124503,-3.5605455339947514,-1.0,-0.04249529326367818,-13.686074455100378,-1.9892257211412456,-3.607865927638342
-8.973772791471706,7.299646328843914,1.8298440394374191,6.329908779784556,-3.580437791206164,-1.0,0.0,-13.56332052049371,-1.2751712833639415,-3.036169815172291
-8.973772791471706,7.317944769238288,1.694210834232482,6.294104401872494,-3.5931895040398034,-1.0,-0.03036169815172291,-13.390222242158965,-0.6278191361513503,-2.526476317003763
-8.973772791471706,7.334886877580613,1.5603086118108924,6.258172506832096,-3.5994676954013167,-1.0,0.0,-13.203081275638958,-0.04610598121290416,-2.084266132676689
-8.973772791471706,7.350489963698721,1.4282777990545028,6.222177829878083,-3.599928755213446,-1.0,-0.020842661326766893,-12.986323216458757,0.48245199865295235,-1.7027926502861213
-8.973772791471706,7.364772741689267,1.2984145668899152,6.1861785423259485,-3.5951042352269162,-1.0,0.0,-12.763896532416574,0.9623399371963683,-1.3829319014534238
-8.973772791471706,7.377756887358166,1.1707756015657496,6.1502274999736795,-3.5854808358549524,-1.0,-0.013829319014534238,-12.52708584100597,1.4031476352819732,-1.1189345118616358
-8.973772791471706,7.389464643373824,1.0455047431556899,6.11437269161513,-3.571449359502133,-1.0,0.0,-12.291259688828283,1.8101482846668417,-0.9094213903486791
-8.973772791471706,7.399919690805381,0.922592146267407,6.078658198020109,-3.5533478766554643,-1.0,-0.009094213903486791,-12.051582484325358,2.1905449384692557,-0.7495287921218493
-8.973772791471706,7.409145612268055,0.8020763214241534,6.043124719253554,-3.531442427270772,-1.0,0.0,-11.817774929938697,2.549159652885174,-0.6369695872165325
-8.973772791471706,7.417166375482296,0.6838985721247665,6.007810294980846,-3.50595083074192,-1.0,-0.006369695872165325,-11.586975001709451,2.891283120564182,-0.5676356179497368
-8.973772791471706,7.424005361203544,0.5680288221076719,5.972750786673427,-3.4770379995362783,-1.0,0.0,-11.365455540578576,3.2208163433133756,-0.5390408598375119
-8.973772791471706,7.429685649424621,0.45437426670188613,5.937980406678064,-3.4448298361031444,-1.0,-0.00539040859837512,-11.151055118048985,3.5415335142527247,-0.5476709282978268
-8.973772791471706,7.434229392091639,0.3428637155213963,5.903532108317033,-3.4094145009606174,-1.0,0.0,-10.948228716510805,3.856328372285333,-0.591181459450952
-8.973772791471706,7.437658029246854,0.23338142835628822,5.869437963307426,-3.3708512172377643,-1.0,-0.00591181459450952,-10.754601770177631,4.167753758522068,-0.6664732215113803
-8.973772791471706,7.439991843530416,0.12583541065451193,5.835729451135049,-3.3291736796525435,-1.0,0.0,-10.574034837047988,4.477784926898097,-0.7714903680295736
-8.973772791471706,7.441250197636961,0.020095062284032045,5.802437714338524,-3.2843958303835628,-1.0,-0.007714903680295736,-10.403220914399542,4.787950260693671,-0.9033673641734451
-8.973772791471706,7.441451148259802,-0.08393714685996338,5.769593756034688,-3.2365163277766262,-1.0,0.0,-10.246383204016276,5.0994701875324795,-1.0603958684294306
-8.973772791471706,7.440611776791202,-0.18640097890012614,5.737228592756922,-3.1855216259013015,-1.0,-0.010603958684294305,-10.098659036812483,5.412963002290257,-1.2397668215883513
-8.973772791471706,7.438747767002201,-0.287387569268251,5.705373376497909,-3.131391995878399,-1.0,0.0,-9.965435284134845,5.729092196674882,-1.4401522900982513
-8.973772791471706,7.435873891309518,-0.3870419221095994,5.674059456539125,-3.0741010739116503,-1.0,-0.014401522900982512,-9.839707505465594,6.047617437069821,-1.6586279386077116
-8.973772791471706,7.432003472088422,-0.48543899716425537,5.643318445800009,-3.013624899540952,-1.0,0.0,-9.72875304815676,6.368865738011448,-1.894288557752441
-8.973772791471706,7.427149082116779,-0.582726527645823,5.613182196804599,-2.9499362421608377,-1.0,-0.01894288557752441,-9.622841384531108,6.691744826941394,-2.143925645171386
-8.973772791471706,7.4213218168403206,-0.6789549414911341,5.583682834382991,-2.8830187938914236,-1.0,0.0,-9.531849868733945,7.016487807578465,-2.4071284040288172
-8.973772791471706,7.414532267425409,-0.7742734401784735,5.554852646444076,-2.812853915815639,-1.0,-0.024071284040288174,-9.442718753249466,7.341126623459008,-2.6802331133658086
-8.973772791471706,7.406789533023624,-0.8687006277109682,5.52672410728592,-2.739442649581049,-1.0,0.0,-9.368653150753227,7.666065739165703,-2.9634347051149015
-8.973772791471706,7.398102526746515,-0.9623871592185005,5.49932968079011,-2.662781992189392,-1.0,-0.029634347051149014,-9.292631552150162,7.988416759328957,-3.2524345849456266
-8.973772791471706,7.38847865515433,-1.0553134747400021,5.472701860868216,-2.582897824596102,-1.0,0.0,-9.23194959920888,8.309039690527772,-3.5481879027805316
-8.973772791471706,7.37792552040693,-1.147632970732091,5.446872882622254,-2.499807427690824,-1.0,-0.035481879027805314,-9.164959434853316,8.624066929347904,-3.8455661316028245
-8.973772791471706,7.366449190699609,-1.239282565080624,5.421874808345346,-2.4135667583973452,-1.0,0.0,-9.113845491942541,8.93510674887283,-4.146480832993558
-8.973772791471706,7.354056365048803,-1.3304210200000495,5.397739140761373,-2.324215690908617,-1.0,-0.041464808329935585,-9.051642013582603,9.23724442043996,-4.444757452263788
-8.973772791471706,7.340752154848802,-1.4209374401358754,5.3744969838522865,-2.2318432467042175,-1.0,0.0,-9.006242519325628,9.53312115342956,-4.74349671090588
-8.973772791471706,7.3265427804474434,-1.5109998653291317,5.3521785513852445,-2.136512035169922,-1.0,-0.047434967109058805,-8.944658556677865,9.81670549903841,-5.035238486165997
-8.973772791471706,7.311432781794152,-1.6004464508959102,5.330813431033545,-2.038344980179538,-1.0,0.0,-8.901310205756484,10.091927469024075,-5.324534421810302
-8.973772791471706,7.295428317285193,-1.689459552953475,5.310429981231749,-1.9374257054892972,-1.0,-0.05324534421810302,-8.836492015677559,10.351580421974536,-5.602378863377279
-8.973772791471706,7.278533721755658,-1.7778244731102506,5.291055724176856,-1.833909901269552,-1.0,0.0,-8.791931481457379,10.601088117361034,-5.875056297027959
-8.973772791471706,7.2607554770245555,-1.8657437879248244,5.27271662516416,-1.7278990200959417,-1.0,-0.05875056297027959,-8.72055706654935,10.832041790489827,-6.131745281696399
-8.973772791471706,7.242098039145307,-1.952949358590318,5.255437634963201,-1.6195786021910434,-1.0,0.0,-8.672107207963437,11.051491830543904,-6.3807554822048616
-8.973772791471706,7.222568545559404,-2.0396704306699522,5.23924184894129,-1.5090636838856044,-1.0,-0.06380755482204861,-8.591585833926954,11.249859819797638,-6.609186725189299
-8.973772791471706,7.202171841252704,-2.1255862890092216,5.224151212102434,-1.396565085687628,-1.0,0.0,-8.537322369975255,11.435864510070138,-6.827665421054001
-8.973772791471706,7.180915978362612,-2.2109595127089743,5.210185561245558,-1.2822064405869265,-1.0,-0.06827665421054001,-8.445982315110106,11.598881703252728,-7.020980555199152
-8.973772791471706,7.158806383235523,-2.295419335860075,5.197363496839689,-1.1662176235543993,-1.0,0.0,-8.384892260655418,11.749231791646704,-7.202351957743431
-8.973772791471706,7.135852189876922,-2.379268258466629,5.185701320604145,-1.0487253056379322,-1.0,-0.07202351957743432,-8.28216794838055,11.875489934232522,-7.354082414331191
-8.973772791471706,7.112059507292256,-2.462089937950435,5.175214067547765,-0.929970406295607,-1.0,0.0,-8.214312584705489,11.989386577675484,-7.492228092995905
-8.973772791471706,7.087438607912751,-2.5442330637974897,5.165914363484809,-0.8100765405188521,-1.0,-0.07492228092995905,-8.100939152263871,12.0790822974631,-7.596510300137237
-8.973772791471706,7.061996277274776,-2.6252424553201283,5.1578135980796205,-0.6892857175442212,-1.0,0.0,-8.027628228555889,12.157385516110457,-7.686006144322101
-8.973772791471706,7.035743852721575,-2.7055187376056873,5.150920740904178,-0.5677118623831167,-1.0,-0.07686006144322101,-7.905841501561027,12.21257096009576,-7.737855877371955
-8.973772791471706,7.0086886653455185,-2.7845771526212975,5.145243622280347,-0.4455861527821591,-1.0,0.0,-7.829813618090439,12.258039641730518,-7.7742548130989055
-8.973772791471706,6.980842893819306,-2.862875288802202,5.140787760752525,-0.3230057563648539,-1.0,-0.07774254813098906,-7.703540572940756,12.282830937364379,-7.769862718956902
-8.973772791471706,6.952214140931284,-2.9399106945316094,5.137557703188877,-0.2001774469912101,-1.0,0.0,-7.629132786938588,12.300294440061009,-7.749973889503042
2.2467149030599245,6.922815033985968,-3.016202022400995,5.135555928718965,-0.0771745025906,-1.0,-0.07749973889503042,-3.6072801658277687,11.938669666217336,-2.8786870562944245
2.2467149030599245,6.892653013761958,-3.052274824059273,5.134784183693059,0.04221219407157337,-1.0,0.0,-3.4850468601610154,11.976803232136696,-2.7231933006225297
2.2467149030599245,6.862130265521365,-3.087125292660883,5.1352063056337744,0.16198022639294032,-1.0,-0.027231933006225298,-3.3291551503237518,12.00982238328916,-2.5319676683588117
2.2467149030599245,6.8312590125947565,-3.1204168441641205,5.136826107897704,0.28207845022583194,-1.0,0.0,-3.1984493668854004,12.044637805587508,-2.3210231324040813
2.2467149030599245,6.800054844153116,-3.1524013378329743,5.139646892399963,0.402524828281707,-1.0,-0.023210231324040813,-3.0549848558633093,12.081306907375303,-2.079930362961708
2.2467149030599245,6.768530830774786,-3.1829511863916076,5.14367214068278,0.52333789735546,-1.0,0.0,-2.937661845974272,12.124269327367422,-1.8198963793609177
2.2467149030599245,6.73670131891087,-3.21232780485135,5.148905519656334,0.6445805906291342,-1.0,-0.018198963793609177,-2.8133495257420345,12.175166164945052,-1.5316166027840012
2.2467149030599245,6.704578040862357,-3.2404613001087705,5.155351325562625,0.7663322522785847,-1.0,0.0,-2.715433809634916,12.237433684088385,-1.2250609589114017
2.2467149030599245,6.672173427861269,-3.2676156382051196,5.1630146480854116,0.8887065891194685,-1.0,-0.012250609589114017,-2.617888121452446,12.314005308415606,-0.8927235465184831
2.2467149030599245,6.639497271479218,-3.293794519419644,5.171901713976606,1.0118466422036245,-1.0,0.0,-2.5461571955941307,12.407452494766767,-0.5424411062701641
2.2467149030599245,6.606559326285022,-3.319256091375585,5.182020180398642,1.135921167151292,-1.0,-0.00542441106270164,-2.4837726993795792,12.52133199866838,-0.16931939180357455
2.2467149030599245,6.573366765371266,-3.3440938183693807,5.193379392070155,1.261134487137976,-1.0,0.0,-2.4456067726241906,12.657773447355375,0.22193304681016457
2.2467149030599245,6.539925827187572,-3.3685498860956224,5.205990736941535,1.3877122216115296,-1.0,0.002219330468101646,-2.427363072714225,12.819760333537893,0.6325713221435612
2.2467149030599245,6.506240328326616,-3.3928235168227645,5.219867859157651,1.5159098249469085,-0.999977806695319,0.008545043689537258,-2.43464404777431,13.009137099935556,1.0606875206513982
2.2467149030599245,6.472312093158388,-3.4171699573005077,5.235026957407119,1.6460011959462642,-0.9998923562584237,0.019151918896051237,-2.469708704253451,13.227423017596937,1.5053139565192362
2.2467149030599245,6.438140393585383,-3.4418670443430424,5.2514869693665815,1.7782754261222335,-0.9997008370694631,0.034205058461243595,-2.5346448853064687,13.475358025526234,1.9653313727598147
2.2467149030599245,6.4037217231419525,-3.467213493196107,5.269269723627804,1.913029006377496,-0.9993587864848507,0.05385837218884174,-2.6311960094024487,13.752610335626578,2.4393704783007775
2.2467149030599245,6.369049588209991,-3.4935254532901316,5.28840001369158,2.0505551097337618,-0.9988202027629622,0.07825207697184952,-2.7604951513468428,14.057406924426703,2.92568296625636
2.2467149030599245,6.33411433367709,-3.5211304048036003,5.308905564788917,2.191129178978029,-0.9980376819932437,0.10750890663441312,-2.92266746242515,14.386083017033952,3.421983102412025
2.2467149030599245,6.298903029629054,-3.550357079427852,5.330816856578697,2.3349900091483686,-0.9969625929268996,0.1417287376585334,-3.1162517758879686,14.732562573412581,3.925268163852768
2.2467149030599245,6.263399458834775,-3.5815195971867317,5.354166756670181,2.4823156348824944,-0.9955453055503143,0.18098141929706107,-3.3373846982845494,15.087811639863206,4.431638581325029
2.2467149030599245,6.227584262862908,-3.614893444169577,5.378989913019006,2.6331937512811265,-0.9937354913573436,0.22529780511031136,-3.578692244096983,15.439355397003782,4.9361579862859815
2.2467149030599245,6.191435328421212,-3.6506803666105467,5.405321850531817,2.787587305251164,-0.9914825133062405,0.27465938497317116,-3.827857716805187,15.77101921288797,5.432818503233686
2.2467149030599245,6.154928524755107,-3.688958943778599,5.433197723584329,2.945297497380044,-0.9887359194565087,0.32898757000550805,-4.065900709031196,16.063132820506304,5.914700037415593
2.2467149030599245,6.118038935317321,-3.729617950868911,5.46265069855813,3.105928825585107,-0.9854460437564536,0.388134570379664,-4.265338995028847,16.293485929392233,6.374413200298243
2.2467149030599245,6.0807427558086315,-3.7722713408191995,5.493709986813981,3.268863684879029,-0.981564698052657,0.4518787023826464,-4.388639647442081,16.439259269211526,6.804853321958127
2.2467149030599245,6.04302004240044,-3.8161577372936204,5.526398623662771,3.4332562775711444,-0.9770459110288305,0.5199272356022276,-4.387697198496075,16.47985074481713,7.20011211659994
2.2467149030599245,6.004858465027504,-3.860034709278581,5.560731186438482,3.5980547850193156,-0.9718466386728083,0.5919283567682271,-4.205426106861203,16.39987369750068,7.556063165304603
2.2467149030599245,5.966258117934719,-3.902088970347193,5.596711734288675,3.7620535219943223,-0.9659273551051261,0.6674889884212731,-3.780705141023509,16.190747609368593,7.869750855597519
2.2467149030599245,5.927237228231247,-3.939896021757428,5.634332269508619,3.9239609980880084,-0.9592524652209133,0.7461864969772484,-3.0575051542251535,15.848844777079337,8.13661435595804
2.2467149030599245,5.887838268013673,-3.9704710732996795,5.673571879489499,4.082449445858802,-0.9517906002511408,0.8275526405368288,-1.9977436023376989,15.369187978451835,8.345334925717067
2.2467149030599245,5.8481335572806765,-3.9904485093230564,5.7143963739480865,4.23614132564332,-0.9435150738457725,0.9110059897939994,-0.5953386687115655,14.73688812603526,8.472010512877253
2.2467149030599245,5.808229072187446,-3.996401896010172,5.75675778720452,4.383510206903673,-0.9344050139478325,0.9957260949227719,1.1130341525237146,13.922452331975697,8.477597301159769
2.2467149030599245,5.768265053227345,-3.985271554484935,5.800592889273556,4.52273473022343,-0.9244477529986048,1.0805020679343695,3.0454161317923956,12.887831917560614,8.312903032142943
2.2467149030599245,5.728412337682496,-3.9548173931670108,5.845820236575791,4.651613049399036,-0.9136427323192611,1.163631098255799,5.083151374108894,11.604445797815902,7.932050435236086
2.2467149030599245,5.688864163750826,-3.903985879425922,5.892336367069781,4.767657507377195,-0.9020064213367031,1.2429516026081597,7.089469718869603,10.07507307310329,7.30959707807725
2.2467149030599245,5.649824304956566,-3.833091182237226,5.940012942143553,4.868408238108228,-0.8895769053106215,1.3160475733889323,8.932933329147193,8.346540245817069,6.452924907602672
2.2467149030599245,5.611493393134194,-3.743761848945754,5.988697024524635,4.951873640566399,-0.8764164295767322,1.380576822464959,10.508673780313769,6.50491447044114,5.403570044374217
2.2467149030599245,5.574055774644736,-3.638675111142616,6.038215760930299,5.01692278527081,-0.8626106613520825,1.4346125229087012,11.751494373883054,4.655712611082516,4.227406141471838
2.2467149030599245,5.537669023533311,-3.5211601674037856,6.088384988783007,5.063479911381635,-0.8482645361229956,1.4768865843234196,12.638468698772401,2.89952460409521,2.999118547274635
2.2467149030599245,5.502457421859273,-3.3947754804160617,6.139019787896824,5.092475157422587,-0.8334956702797613,1.506877769796166,13.182644749180609,1.3134434674159183,1.7877116332693248
2.2467149030599245,5.468509667055112,-3.2629490329242556,6.18994453947105,5.105609592096746,-0.8184268925817997,1.5247548861288591,13.421884297339044,-0.056918912215150934,0.6473167612913547
2.2467149030599245,5.4358801767258695,-3.1287301899508653,6.241000635392017,5.105040402974595,-0.8031793437205111,1.5312280537417726,13.407032481182286,-1.1959458793461315,-0.38594160152069773
2.2467149030599245,5.404592874826361,-2.9946598651390426,6.292051039421763,5.093080944181134,-0.7878670631830934,1.5273686377265656,13.192227401943441,-2.1110922079903593,-1.2925971230888595
2.2467149030599245,5.37464627617497,-2.862737591119608,6.342981848863574,5.0719700221012305,-0.7725933768058277,1.514442666495677,12.82842558137078,-2.824497038840634,-2.0662270999003702
2.2467149030599245,5.346018900263775,-2.7344533353059,6.393701549084587,5.0437250517128245,-0.757448950140871,1.4937803954966733,12.359956461103675,-3.3656375931181395,-2.7093429042985058
2.2467149030599245,5.318674366910716,-2.6108537706948636,6.444138799601715,5.0100686757816435,-0.7425111461859043,1.4666869664536883,11.823333763892498,-3.766008586814939,-3.2297900080961206
2.2467149030599245,5.292565829203767,-2.4926204330559387,6.494239486359532,4.972408589913494,-0.7278442765213674,1.4343890663727272,11.247470809865915,-4.055828402583196,-3.638028467160035
2.2467149030599245,5.267639624873207,-2.3801457249572797,6.543963572258667,4.931850305887662,-0.7135003858576401,1.3980087817011269,10.654613723513984,-4.262338484580866,-3.9452894305061594
2.2467149030599245,5.243838167623634,-2.2735995877221398,6.593282075317544,4.889226921041853,-0.6995202980406288,1.3585558873960653,10.06153340899107,-4.4091809331183125,-4.162442165857882
2.2467149030599245,5.221102171746413,-2.172984253632229,6.642174344527962,4.84513511171067,-0.6859347391666681,1.3169314657374864,9.480711906738339,-4.516420110494423,-4.299373213669955
2.2467149030599245,5.199372329210091,-2.0781771345648457,6.690625695645069,4.799970910605726,-0.6727654245092933,1.2739377336007869,8.9213948082897,-4.600897976793492,-4.364704996417759
2.2467149030599245,5.1785905578644424,-1.9889631864819486,6.738625404751127,4.753961930837791,-0.6600260471732855,1.2302906836366092,8.390464016886167,-4.6767245465468275,-4.365724243852124
2.2467149030599245,5.158700925999623,-1.905058546313087,6.786165024059505,4.707194685372323,-0.6477231403369194,1.186633441198088,7.893129167769726,-4.755787392763074,-4.3084315966330715
2.2467149030599245,5.139650340536493,-1.8261272546353897,6.833236970913228,4.659636811444692,-0.6358568059249384,1.1435491252317571,7.43345575858748,-4.848218308367843,-4.197656120934799
2.2467149030599245,5.121389067990139,-1.751792697049515,6.879833339027675,4.611154628361013,-0.6244213146726209,1.1015725640224092,7.0147540471358445,-4.962787642867682,-4.0372016264219095
2.2467149030599245,5.103871141019644,-1.6816451565781565,6.925944885311285,4.561526751932337,-0.6134055890323967,1.06120054775819,6.639851861464029,-5.107214450789702,-3.830007244489335
2.2467149030599245,5.087054689453862,-1.6152466379635162,6.971560152830609,4.51045460742444,-0.6027935835548148,1.0229004753132966,6.311270655559999,-5.288389012841389,-3.5783146865602276
2.2467149030599245,5.070902223074227,-1.5521339314079161,7.016664698904854,4.457570717296026,-0.5925645788016819,0.9871173284476944,6.0313196608565995,-5.512507517002197,-3.283840632187271
2.2467149030599245,5.055380883760148,-1.4918207347993502,7.061240406077814,4.402445642126004,-0.5826934055172049,0.9542789221258217,5.802119024465336,-5.785119455130822,-2.947955957419612
2.2467149030599245,5.0404626764121545,-1.4337995445546967,7.105264862499074,4.344594447574696,-0.5731506162959468,0.9247993625516255,5.625560042336981,-6.111088511481649,-2.5718746959562484
2.2467149030599245,5.026124680966608,-1.3775439441313269,7.148710806974821,4.28348356245988,-0.5639026226704306,0.8990806155920631,5.503209379099377,-6.494468806979841,-2.156855050947582
2.2467149030599245,5.012349241525294,-1.322511850340333,7.1915456425994195,4.218538874390082,-0.5549118165145099,0.8775120650825873,5.436164763402161,-6.938301419837824,-1.7044125284755012
2.2467149030599245,4.9991241230218915,-1.2681502027063114,7.2337310313433205,4.149155860191703,-0.5461366958636841,0.8604679397978323,5.424872166336321,-7.444341938077764,-1.216541346715306
2.2467149030599245,4.986442620994828,-1.2139014810429483,7.275222589945238,4.074712440810925,-0.5375320164657057,0.8483025263306793,5.468918794520984,-8.012738778162728,-0.6959347938961642
2.2467149030599245,4.974303606184399,-1.1592122930977384,7.315969714353347,3.994585053029298,-0.5290489912023989,0.8413431783917176,5.5668218768508275,-8.641693756022011,-0.14618858989762598
2.2467149030599245,4.962711483253421,-1.1035440743292302,7.35591556488364,3.908168115469078,-0.5206355594184817,0.8398812924927413,5.715839203910163,-9.327149464155298,0.42803549416077696
2.2467149030599245,4.951676042510129,-1.0463856822901285,7.39499724603833,3.814896620827525,-0.5122367464935543,0.8441616474343491,5.911832130764435,-10.062559599454865,1.0209138844776524
2.2467149030599245,4.9412121856872275,-0.9872673609824841,7.433146212246606,3.714271024832976,-0.5037951300192108,0.8543707862791255,6.14921327404938,-10.83880448474339,1.6254632552913704
2.2467149030599245,4.931339512077403,-0.9257752282419903,7.470288922494936,3.6058829799855423,-0.4952514221564196,0.8706254188320393,6.421007385834304,-11.644310112835006,2.2336662808401715
2.2467149030599245,4.922081759794983,-0.8615651543836473,7.506347752294791,3.4894398788571923,-0.4865451679680992,0.892962081640441,6.71904349195542,-12.465411525825022,2.836735520779026
2.2467149030599245,4.913466108251146,-0.7943747194640931,7.541242151083363,3.364785763598942,-0.4776155471516948,0.9213294368482312,7.034279444630234,-13.28696945799223,3.4255110604391787
2.2467149030599245,4.905522361056505,-0.7240319250177908,7.574890008719352,3.23191606901902,-0.46840225278321246,0.955584547452623,7.357238751944222,-14.093206603798365,3.9909639195316537
2.2467149030599245,4.898282041806327,-0.6504595374983486,7.6072091694095425,3.090984002981036,-0.45884640730868625,0.9954941866479395,7.67851816995934,-14.868685109828682,4.524753869514821
2.2467149030599245,4.891777446431344,-0.5736743557987553,7.638119009439353,2.942297151882749,-0.44889146544220687,1.0407417253430877,7.989308469764507,-15.599311502528368,5.019773566196133
2.2467149030599245,4.886040702873356,-0.4937812711011102,7.66754198095818,2.7863040368574654,-0.438484048188776,1.0909394610050491,8.281864839774466,-16.273240233759545,5.470606479991136
2.2467149030599245,4.881102890162345,-0.41096262270336553,7.695405021326755,2.62357163451987,-0.42757465357872554,1.1456455258049605,8.549869935985232,-16.881558431271795,5.8738366051908715
2.2467149030599245,4.8769932639353115,-0.3254639233435132,7.721640737671954,2.454756050207152,-0.4161181983206759,1.2043838918568692,8.788650464676131,-17.41867056341393,6.228171517272647
2.2467149030599245,4.873738624701876,-0.2375774186967519,7.746188298174025,2.2805693445730126,-0.40407435940210723,1.2666656070295956,8.995232856565112,-17.88235323043245,6.5343711159844675
2.2467149030599245,4.871362850514909,-0.14762509013110076,7.768993991619755,2.101745812268688,-0.3914077033318113,1.3320093181894404,9.168248801884161,-18.273503589785758,6.79500445233803
2.2467149030599245,4.869886599613598,-0.05594260211225914,7.790011449742442,1.9190107763708304,-0.3780876101499169,1.3999593627128206,9.307721345114139,-18.59564712982726,7.014079349615099
2.2467149030599245,4.869327173592476,0.037134611338882254,7.80920155750615,1.7330543050725578,-0.36408801652278866,1.4701001562089715,9.414773327726781,-18.854293647454767,7.196600139858088
2.2467149030599245,4.869698519705865,0.13128234461615007,7.826532100556876,1.54451136859801,-0.34938701496069896,1.5420661576075523,9.491301624265507,-19.05623299022575,7.348107632011504
2.2467149030599245,4.871011343152026,0.22619536085880515,7.841977214242856,1.3539490386957524,-0.33396635338462344,1.6155472339276673,9.539654741454951,-19.20884860641882,7.474245348158521
2.2467149030599245,4.8732732967606145,0.32159190827335465,7.855516704629814,1.1618605526315642,-0.31781088104534677,1.6902896874092526,9.562341150139044,-19.319504328276498,7.580381480047985
2.2467149030599245,4.876489215843348,0.41721531977474513,7.867135310156129,0.9686655093487992,-0.30090798417125425,1.7660935022097324,9.561784459429,-19.395035284391465,7.671301106396236
2.2467149030599245,4.880661369041095,0.5128331643690351,7.876821965249618,0.7747151565048846,-0.28324704914915694,1.8428065132736948,9.54013168501589,-19.441352743610086,7.750970930186539
2.2467149030599245,4.885789700684786,0.608234481219194,7.884569116814666,0.5803016290687838,-0.26481898401642,1.9203162225755601,9.4991137581126,-19.463157870435023,7.822370588845456
2.2467149030599245,4.891872045496978,0.70322561880032,7.8903721331053545,0.3856700503644336,-0.2456158217906644,1.9985399284640146,9.439953414754022,-19.463751442823455,7.8873806330957885
2.2467149030599245,4.898904301684981,0.7976251529478602,7.894228833608999,0.19103253593619904,-0.22563042250602428,2.0774137347949724,9.363314363088152,-19.44492470772174,7.946716939931864
2.2467149030599245,4.906880553214459,0.8912582965787417,7.896139158968361,-0.0034167111410183526,-0.20485628515807455,2.156880904194291,9.269286471371654,-19.406919190243187,7.999903653761533
2.2467149030599245,4.9157931361802465,0.9839511612924582,7.896104991856951,-0.19748590304345023,-0.18328747611613164,2.2368799407319067,9.157403875577655,-19.348448729120122,8.045280724184439
2.2467149030599245,4.925632647793171,1.0755252000482347,7.894130132826516,-0.3909703903346514,-0.16091867670881257,2.317332747973751,9.026695621490251,-19.266783671949682,8.080046796050462
2.2467149030599245,4.936387899793654,1.1657921562631373,7.890220428923169,-0.5836382270541483,-0.13774534922907505,2.3981332159342554,8.875771030460523,-19.15790353146869,8.10034274641044
2.2467149030599245,4.948045821356285,1.2545498665677426,7.884384046652627,-0.7752172623688351,-0.11376401706973249,2.47913664339836,8.702943732997293,-19.01672901002898,8.101384690987814
2.2467149030599245,4.960591320021962,1.3415793038977155,7.876631874028939,-0.9653845524691249,-0.08897265063574888,2.560150490308238,8.50639857187454,-18.83744562876304,8.077656868811857
2.2467149030599245,4.974007113060939,1.426643289616461,7.866978028504247,-1.1537590087567553,-0.0633711457326665,2.6409270589963567,8.284403685794203,-18.6139277441746,8.023173470949194
2.2467149030599245,4.988273545957103,1.5094873264744029,7.85544043841668,-1.3398982861985014,-0.03696187514270294,2.7211587937058486,8.035565543828199,-18.3402622804968,7.931813319424758
2.2467149030599245,5.0033684192218475,1.589842981912685,7.8420414555546945,-1.5233009090034693,-0.009750287205644453,2.800476926900096,7.759117386404576,-18.011355666433975,7.797721862460455
2.2467149030599245,5.019266849040974,1.6674341557767307,7.82680844646466,-1.703414465667809,0.018254482063356506,2.8784541455247004,7.455222000798967,-17.623586413352903,7.6157616591133275
-5.118688253675452,5.0359411905987415,1.7419863757847205,7.809774301807981,-1.879650329801338,0.04703902351860351,2.9546117621158334,5.970659956267824,-16.64422766549424,4.639247799141123
-5.118688253675452,5.053361054356588,1.8016929753473987,7.790977798509968,-2.0460926064562805,0.07658514113976184,3.0010042401072448,5.593886672944985,-16.141567373276708,4.335929584753753
-5.118688253675452,5.071377984110062,1.8576318420768485,7.7705168724454055,-2.2075082801890478,0.10659518354083428,3.0443635359547825,5.202270370134372,-15.589888901629944,3.980672509881469
-5.118688253675452,5.08995430253083,1.9096545457781922,7.748441789643515,-2.363407169205347,0.1370388189003821,3.0841702610535973,4.801858337998698,-14.996513362648939,3.575670338745231
-5.118688253675452,5.1090508479886125,1.957673129158179,7.724807717951461,-2.5133723028318364,0.1678805215109181,3.1199269644410497,4.399899511439235,-14.371257181352856,3.125035906974034
-5.118688253675452,5.128627579280194,2.0016721242725715,7.699673994923143,-2.657084874645365,0.1990797911553286,3.15117732351079,4.00454596221684,-13.725914814474207,2.634579306907558
-5.118688253675452,5.14864430052292,2.04171758389474,7.673103146176689,-2.794344022790107,0.2305915643904365,3.177523116579865,3.6244558716671667,-13.073538520844817,2.111434116992344
-5.118688253675452,5.169061476361867,2.0779621426114114,7.645159705948788,-2.925079407998555,0.26236679555623516,3.1986374577497885,3.2683438637642594,-12.42760713742514,1.5635794889082348
-5.118688253675452,5.189841097787982,2.110645581249054,7.615908911868802,-3.0493554793728066,0.294353170133733,3.2142732526388706,2.9445339644622,-11.801193041628732,0.9993213447824173
-5.118688253675452,5.210947553600472,2.1400909208936763,7.585415357075074,-3.167367409789094,0.32649590266012174,3.2242664660866946,2.6605688311068554,-11.206230640370034,0.4267981648607903
-5.118688253675452,5.232348462809409,2.166696609204745,7.553741682977183,-3.2794297161927943,0.3587385673209887,3.2285344477353024,2.4229169645322366,-10.652963504783628,-0.146433782255578
-5.118688253675452,5.2540154289014565,2.190925778850067,7.520947385815255,-3.3859593512406305,0.39102391179834173,3.227070109912747,2.236800963750983,-10.149609105234344,-0.7137003723680321
-5.118688253675452,5.275924686689957,2.2132937884875767,7.487087792302849,-3.487455442292974,0.42329461289746917,3.2199331061890666,2.10614953024994,-9.70224065644609,-1.2693817153036877
-5.118688253675452,5.298057624574833,2.234355283790076,7.452213237879919,-3.5844778488574347,0.4554939439593598,3.2072392890360297,2.033658524089309,-9.31485388433447,-1.8089631666173567
-5.118688253675452,5.320401177412734,2.254691869030969,7.416368459391345,-3.6776263877007795,0.4875663368497201,3.1891496573698563,2.0209348445960393,-8.989567487013453,-2.328985610051051
-5.118688253675452,5.3429480961030436,2.2749012174769296,7.379592195514337,-3.7675220625709143,0.5194578334234187,3.1658598012693457,2.0686920096579935,-8.726900069830267,-2.826921677485238
-5.118688253675452,5.365697108277812,2.2955881375735094,7.341916974888628,-3.854791063269217,0.5511164314361121,3.1375905844944936,2.1769670000202725,-8.526070479163039,-3.3010045738790743
-5.118688253675452,5.388652989653547,2.3173578075737122,7.303369064255936,-3.9400517680608473,0.5824923372810571,3.1045805387557026,2.345332194265502,-8.38527840992274,-3.750031882252889
-5.118688253675452,5.4118265677292845,2.3408111295163674,7.263968546575327,-4.023904552160075,0.6135381426686142,3.0670802199331737,2.5730818450402126,-8.301933779878473,-4.173160320585617
-5.118688253675452,5.435234679024449,2.3665419479667693,7.223729501053727,-4.10692388995886,0.6442089448679459,3.0253486167273174,2.8593776947164367,-8.272813627940788,-4.569700660448377
-5.118688253675452,5.458900098504116,2.3951357249139336,7.182660262154139,-4.189652026238267,0.6744624310352191,2.9796516101228336,3.203341714357255,-8.294132527489989,-4.9389160079240355
-5.118688253675452,5.482851455753255,2.4271691420575063,7.140763741891756,-4.2725933515131675,0.7042589471364474,2.9302624500435934,3.6040847880624454,-8.361516175980249,-5.279821933228916
-5.118688253675452,5.50712314717383,2.463209989938131,7.098037808376624,-4.35620851327297,0.7335615716368834,2.877464230711304,4.060657975459818,-8.46986819194287,-5.590983707074379
-5.118688253675452,5.531755247073211,2.503816569692729,7.054475723243894,-4.440907195192399,0.7623362139439964,2.8215543936405605,4.571907373693482,-8.613118019987335,-5.870304266273782
-5.118688253675452,5.556793412770139,2.549535643429664,7.01006665129197,-4.527038375392273,0.790551757880402,2.7628513509778228,5.136204086131654,-8.783834515442527,-6.114796796900392
-5.118688253675452,5.582288769204435,2.6008976842909806,6.9647962675380475,-4.6148767205466985,0.8181802713901802,2.7017033830088186,5.751006757861201,-8.972687355251256,-6.320338824150927
-5.118688253675452,5.608297746047345,2.6584077518695928,6.918647500332581,-4.704603594099211,0.8451973052202684,2.6384999947673093,6.412194907844198,-9.167740558854833,-6.481412216245583
-5.118688253675452,5.634881823566041,2.722529700948035,6.871601464391588,-4.79628099968776,0.8715823051679414,2.5736858726048535,7.113086706423979,-9.35357570784482,-6.5908488697667975
-5.118688253675452,5.662107120575522,2.7936605680122746,6.823638654394711,-4.889816756766208,0.89731916389399,2.5077773839071855,7.8430264710055155,-9.510278695935861,-6.639630692786649
-5.118688253675452,5.690043726255644,2.87209083272233,6.774740486827048,-4.9849195437255664,0.9223969377330619,2.441381076979319,8.58540094300928,-9.612402928084206,-6.6168435576264875
-5.118688253675452,5.718764634582867,2.9579448421524224,6.724891291389793,-5.081043573006409,0.9468107485028551,2.375212641403054,9.314935007908053,-9.628174419781068,-6.509969746179521
-5.118688253675452,5.748344083004391,3.0510941922315027,6.674080855659729,-5.177325317204219,0.9705628749168856,2.310112943941259,9.994161632726604,-9.519469212940587,-6.3058327075551555
-5.118688253675452,5.778855024926706,3.1510358085587686,6.622307602487687,-5.272520009333625,0.9936640043562982,2.2470546168657077,10.569125387913529,-9.24349883267638,-5.9926776216606585
-5.118688253675452,5.810365383012294,3.256727062437904,6.56958240239435,-5.364954997660388,1.0,0.0,12.12297124531603,-8.257927467137954,-5.099492748320864
-5.118688253675452,5.842932653636673,3.3779567748910644,6.5159328524177464,-5.447534272331768,1.0,-0.050994927483208635,12.300655039876524,-7.405012300488705,-4.47212813650356
-5.118688253675452,5.876712221385584,3.50096332528983,6.461457509694429,-5.521584395336655,0.9994900507251679,-0.09571620884824424,12.07809032400844,-6.279892424622092,-3.748053084933377
-5.118688253675452,5.911721854638483,3.621744228529914,6.406241665741063,-5.584383319582876,0.9985328886366855,-0.133196739697578,11.312659971719528,-4.921873089344987,-2.983143557272063
-5.118688253675452,5.947939296923781,3.7348708282471095,6.350397832545234,-5.633602050476325,0.9972009212397097,-0.16302817527029864,9.865520913519891,-3.4359955202177206,-2.268502087928167
-5.118688253675452,5.985288005206253,3.8335260373823083,6.2940618120404705,-5.667962005678502,0.9955706394870067,-0.18571319614958032,7.639100251707549,-1.9880883500682116,-1.7198096955470392
-5.118688253675452,6.023623265580076,3.909917039899384,6.237382191983685,-5.687842889179184,0.9937135075255109,-0.2029112931050507,4.626239931352023,-0.755804757169083,-1.4417576498223363
-5.118688253675452,6.06272243597907,3.956179439212904,6.1805037630918935,-5.695400936750875,0.9916843945944604,-0.21732886960327408,0.9528723306116604,0.16436891518431976,-1.4715683692852615
-5.118688253675452,6.102284230371199,3.9657081625190207,6.123549753724385,-5.693757247599033,0.9895111058984277,-0.2320445532961267,-3.112953579855394,0.8442219204090046,-1.7322183922542473
-5.118688253675452,6.141941311996389,3.9345786267204668,6.066612181248394,-5.6853150283949425,0.9871906603654664,-0.24936673721866917,-7.203362574456922,1.5215348080860043,-2.0404093545045647
-5.118688253675452,6.181287098263594,3.8625450009758975,6.009759030964445,-5.670099680314083,0.9846969929932797,-0.26977083076371483,-10.933654375370603,2.475115084832157,-2.1838630093799853
-5.118688253675452,6.219912548273353,3.7532084572221915,5.953058034161304,-5.645348529465761,0.9819992846856426,-0.2916094608575147,-13.991257403991165,3.85732086631171,-2.02213048916776
-5.118688253675452,6.257444632845575,3.61329588318228,5.896604548866647,-5.606775320802644,0.9790831900770675,-0.31183076574919233,-16.195937174758107,5.612294696182203,-1.5411944682292489
-5.118688253675452,6.293577591677398,3.451336511434699,5.840536795658621,-5.550652373840822,0.9759648824195756,-0.32724271043148484,-17.514783573469803,7.527281354382966,-0.8343030837762294
-5.118688253675452,6.328090956791745,3.276188675700001,5.7850302719202125,-5.475379560296992,0.9726924553152607,-0.3355857412692471,-18.035876597138312,9.353309878890707,-0.03941279400350576
-5.118688253675452,6.360852843548745,3.095829909728618,5.7302764763172425,-5.381846461508085,0.9693365979025682,-0.3359798692092822,-17.918855355409214,10.904065905024062,0.7191869006799294
-5.118688253675452,6.391811142646032,2.9166413561745257,5.676458011702161,-5.272805802457845,0.9659767992104754,-0.3287880002024829,-17.344590855139323,12.091815928533821,1.3598531595904018
-5.118688253675452,6.420977556207776,2.7431954476231324,5.623729953677583,-5.151887643172507,0.9626889192084506,-0.31518946860657887,-16.4792058601639,12.913285741664202,1.84532301828857
-5.118688253675452,6.448409510684008,2.5784033890214935,5.572211077245858,-5.022754785755865,0.9595370245223848,-0.2967362384236932,-15.45635296966289,13.416350669851072,2.170833236560869
-5.118688253675452,6.474193544574223,2.4238398593248647,5.521983529388299,-4.888591279057354,0.9565696621381479,-0.27502790605808447,-14.37368879758781,13.669510770689243,2.350114490048194
-5.118688253675452,6.498431943167471,2.2801029713489864,5.473097616597726,-4.751896171350461,0.953819383077567,-0.25152676115760253,-13.297196307834497,13.742062942539164,2.404638449870461
-5.118688253675452,6.521232972880961,2.1471310082706414,5.425578654884221,-4.61447554192507,0.9513041154659909,-0.22748037665889792,-12.268291866384656,13.694315799033772,2.3570711118836876
-5.118688253675452,6.542704282963667,2.024448089606795,5.379433899464971,-4.477532383934732,0.949029311699402,-0.20390966554006104,-11.310836024009237,13.574452840855026,2.228011997101446
-5.118688253675452,6.562948763859735,1.9113397293667025,5.334658575625624,-4.3417878555261815,0.9469902150440014,-0.1816295455690466,-10.436869547680322,13.418900338585813,2.0347849172032575
-5.118688253675452,6.582062161153402,1.8069710338898992,5.291240697070362,-4.207598852140324,0.9451739195883109,-0.161281696397014,-9.650856368785247,13.254128703923831,1.7913203547894956
-5.118688253675452,6.600131871492302,1.7104624702020468,5.249164708548959,-4.075057565101085,0.9435611026243408,-0.14336849284911904,-8.952627496884025,13.098767604295313,1.508527578841773
-5.118688253675452,6.617236496194322,1.6209361952332064,5.208414132897948,-3.944069889058132,0.9421274176958496,-0.1282832170607013,-8.339331583370704,12.965530770403642,1.1948277206286886
-5.118688253675452,6.633445858146654,1.5375428793994994,5.168973434007367,-3.8144145813540953,0.9408445855252426,-0.11633493985441443,-7.806678406719691,12.862781454988932,0.8566892403891018
-5.118688253675452,6.648821286940649,1.4594760953323025,5.130829288193826,-3.685786766804206,0.9396812361266985,-0.1077680474505234,-7.349701168183078,12.795727331788376,0.49910115110244097
-5.118688253675452,6.663416047893972,1.3859790836504717,5.093971420525785,-3.5578294934863224,0.9386035556521933,-0.102777035939499,-6.963201402505858,12.767295349591476,0.1259662764956122
-5.118688253675452,6.677275838730477,1.3163470696254131,5.058393125590921,-3.4301565399904077,0.9375757852927984,-0.10151737317454287,-6.641989736894417,12.778752504907557,-0.2595823358233762
-5.118688253675452,6.690439309426731,1.2499271722564689,5.024091560191017,-3.3023690149413323,0.936560611561053,-0.10411319653277663,-6.38099859068607,12.830134521215037,-0.6549312083095877
-5.118688253675452,6.702938581149295,1.1861171863496083,4.991067870041604,-3.174067669729182,0.9355194795957252,-0.11066250861587251,-6.17531714426273,12.92053412017026,-1.057790550578665
-5.118688253675452,6.714799753012792,1.124364014906981,4.959327193344312,-3.044862328527479,0.9344128545095665,-0.12124041412165916,-6.020181644040247,13.048289676763684,-1.4660421820770317
-5.118688253675452,6.726043393161862,1.0641621984665783,4.928878570059037,-2.9143794317598424,0.9332004503683499,-0.13590083594242947,-5.910942791279354,13.211105673996348,-1.8776229312681327
-5.118688253675452,6.736685015146528,1.0050527705537848,4.899734775741439,-2.782268375019879,0.9318414420089256,-0.1546770652551108,-5.843024619450001,13.40612897066394,-2.2904373700525817
-5.118688253675452,6.746735542852066,0.9466225243592848,4.8719120919912395,-2.6482070853132393,0.9302946713563744,-0.1775814389556366,-5.81188448854201,13.629999254852123,-2.7022955820585004
-5.118688253675452,6.756201768095658,0.8885036794738648,4.845430021138107,-2.511907092764718,0.9285188569668181,-0.2046043947762216,-5.812980643922395,13.878887749263406,-3.1108730316794913
-5.118688253675452,6.765086804890397,0.8303738730346408,4.82031095021046,-2.373118215272084,0.9264728130190559,-0.23571312509301653,-5.841751552818312,14.148534825629975,-3.513690475733439
-5.118688253675452,6.773390543620744,0.7719563575064577,4.796579768057739,-2.2316328670157843,0.9241156817681258,-0.2708500298503509,-5.893609525824802,14.434294312174796,-3.908112270174208
-5.118688253675452,6.781110107195809,0.7130202622482097,4.774263439387581,-2.0872899238940366,0.9214071814696222,-0.30993115255209297,-5.963949705112971,14.731189686805997,-4.291361431793104
-5.118688253675452,6.788240309818291,0.65338076519708,4.753390540148641,-1.9399780270259765,0.9183078699441013,-0.35284476687002403,-6.048174231046609,15.033984904468436,-4.660549509546418
-5.118688253675452,6.794774117470262,0.5928990228866139,4.733990759878381,-1.7896381779812922,0.9147794222754011,-0.3994502619654882,-6.141730252473399,15.337270289052515,-5.012718819758363
-5.118688253675452,6.800703107699128,0.5314817203618799,4.7160943780985685,-1.636265475090767,0.9107849196557463,-0.4495774501630718,-6.240159454460244,15.635561804218268,-5.344894043221468
-5.118688253675452,6.806017924902747,0.4690801258172775,4.699731723347661,-1.4799098570485842,0.9062891451541155,-0.5030263905952865,-6.339156007805597,15.9234102441568,-5.654139717339375
-5.118688253675452,6.81070872616092,0.4056885657392215,4.684932624777175,-1.3206757546070163,0.9012588812481627,-0.5595677877686803,-6.434629371582072,16.195515616870743,-5.937619917279662
-5.118688253675452,6.814765611818312,0.3413422720234008,4.671725867231104,-1.1587205984383089,0.8956632033704759,-0.6189439869414769,-6.5227682576215535,16.446841363216183,-6.19265650384137
-5.118688253675452,6.818179034538546,0.27611458944718525,4.660138661246721,-0.9942521848061471,0.8894737635010611,-0.6808705519798905,-6.6001023069623725,16.672723125345303,-6.4167827606850665
-5.118688253675452,6.820940180433018,0.2101135663775615,4.65019613939866,-0.8275249535526941,0.8826650579812622,-0.7450383795867412,-6.663558591830161,16.868967504872163,-6.6077900164500925
-5.118688253675452,6.823041316096794,0.1434779804592599,4.641920889863133,-0.6588352785039724,0.8752146741853948,-0.8111162797512421,-6.710510848719213,17.031937480091024,-6.763765844799444
-5.118688253675452,6.824476095901386,0.07637287197206778,4.635332537078093,-0.48851590370306214,0.8671035113878823,-0.8787539381992365,-6.738820235417914,17.158622639630465,-6.883123501599094
-5.118688253675452,6.825239824621107,0.008984669617888644,4.630447378041063,-0.3169296773067575,0.8583159720058899,-0.9475851732152275,-6.746867239149688,17.246693849473793,-6.964623214935641
-5.118688253675452,6.825329671317286,-0.05848400277360824,4.6272780812679954,-0.14446273881201954,0.8488401202737377,-1.017231405364584,-6.733575009953524,17.294543128002957,-7.007386626782388
-5.118688253675452,6.82474483128955,-0.12581975287314348,4.625833453879875,0.028482692468010024,0.8386678062200918,-1.0873052716324079,-6.698424759375657,17.301310158413088,-7.010905980807563
-5.118688253675452,6.823486633760819,-0.19280400046690005,4.626118280804556,0.2014957940521409,0.8277947535037677,-1.1574143314404834,-6.641463915694599,17.266896933693918,-6.975049520027365
-5.118688253675452,6.82155859375615,-0.25921863962384606,4.628133238745077,0.3741647633890801,0.8162206101893629,-1.227164826640757,-6.563307496337129,17.191971554678876,-6.9000640466430445
-5.118688253675452,6.818966407359911,-0.32485171458721734,4.631874886378968,0.5460844789358689,0.8039489619229553,-1.2961654671071876,-6.465132739482934,17.07796135873372,-6.786574827976817
-5.118688253675452,6.815717890214039,-0.38950304198204666,4.637335731168327,0.716864092523206,0.7909873072518834,-1.3640312153869558,-6.348666565884705,16.92703460510513,-6.635582184990544
-5.118688253675452,6.811822859794218,-0.45298970764089375,4.644504372093559,0.8861344385742573,0.7773469950980139,-1.4303870372368612,-6.216165069603969,16.74206917378035,-6.44845337170661
-5.118688253675452,6.80729296271781,-0.5151513583369335,4.653365716479302,1.053555130312061,0.7630431247256453,-1.4948715709539273,-6.070384098078714,16.52660640634817,-6.226907924303646
-5.118688253675452,6.8021414491344405,-0.5758551993177207,4.663901267782422,1.2188211943755427,0.748094409016106,-1.5571406501969638,-5.914540168699674,16.284788496539754,-5.972994651610768
-5.118688253675452,6.796382897141263,-0.6350006010047174,4.676089479726177,1.3816690793409403,0.7325230025141364,-1.6168705967130714,-5.752261506230371,16.02127875842408,-5.689058895992453
-5.118688253675452,6.790032891131216,-0.6925232160670212,4.689906170519587,1.541881866925181,0.7163542965470057,-1.673761185672996,-5.587529823811635,15.741165548203112,-5.377699564398751
-5.118688253675452,6.783107658970546,-0.7483985143051375,4.7053249891888385,1.699293522407212,0.6996166846902757,-1.7275381813169834,-5.424614492681238,15.449852349506056,-5.041716578984441
-5.118688253675452,6.775623673827495,-0.8026446592319498,4.722317924412911,1.8537920459022728,0.6823413028771059,-1.777955347106828,-5.2680017880544465,15.15293823072633,-4.68405063388649
-5.118688253675452,6.767597227235175,-0.8553246771124943,4.740855844871934,2.005321428209536,0.6645617494060376,-1.8247958534456927,-5.122322782246623,14.856094213373655,-4.307718261822013
-5.118688253675452,6.75904398046405,-0.9065479049349605,4.760909059154029,2.153882370343273,0.6463137908715807,-1.8678730360639129,-4.992284023862323,14.564941778820051,-3.9157460310517465
-8.692897312935004,6.7499785014147005,-0.9564707451735838,4.782447882857462,2.2995317881314734,0.6276350605109415,-1.9070304963744302,-6.437158616106411,14.577502058788056,-5.202940978428393
-8.692897312935004,6.740413793962965,-1.020842331334648,4.805443200738777,2.445306808719354,0.6085647555471972,-1.9590599061587142,-6.332387390793497,14.283256711734623,-4.77829254756701
-8.692897312935004,6.730205370649618,-1.084166205242583,4.829896268825971,2.5881393758367004,0.5889741564856101,-2.0068428316343843,-6.257865174467,14.010106971564946,-4.34643330865244
-8.692897312935004,6.719363708597193,-1.146744856987253,4.855777662584338,2.7282404455523497,0.5689057281692663,-2.0503071647209086,-6.218827308912976,13.763131289730941,-3.910296800271624
-8.692897312935004,6.70789626002732,-1.2089331300763826,4.883060067039862,2.865871758449659,0.5484026565220572,-2.089410132723625,-6.220401994359023,13.546872243151917,-3.4726086929732207
-8.692897312935004,6.695806928726556,-1.2711371500199729,4.911718784624359,3.001340480881178,0.527508555194821,-2.1241362196533573,-6.267619514531311,13.365285414266873,-3.03588905243292
-8.692897312935004,6.683095557226356,-1.333813345165286,4.9417321894331705,3.1349933350238466,0.5062671929982874,-2.1544951101776864,-6.365440517226779,13.221697979552905,-2.6024776596394052
-8.692897312935004,6.669757423774704,-1.3974677503375539,4.973082122783409,3.2672103148193754,0.48472224189651053,-2.1805198867740803,-6.5187996577963965,13.118766757181245,-2.1745838253771104
-8.692897312935004,6.655782746271329,-1.462655746915518,5.005754225931603,3.398397982391188,0.46291704302876974,-2.2022657250278512,-6.732658797291884,13.058422062612603,-1.7543624203683603
-8.692897312935004,6.6411561888021735,-1.5299823348884367,5.039738205755515,3.528982203017314,0.4408943857784912,-2.219809349231535,-7.012061371342956,13.041779942236012,-1.3440187184321524
-8.692897312935004,6.625856365453289,-1.6001029486018663,5.075028027785688,3.6594000024396744,0.4186962922861759,-2.2332495364158564,-7.362176043930818,13.069000807130806,-0.9459461235378033
-8.692897312935004,6.6098553359672705,-1.6737247090411744,5.111622027810085,3.7900900105109825,0.39636379692201734,-2.2427089976512344,-7.788312606255938,13.139066719855235,-0.5629028546412354
-8.692897312935004,6.593118088876858,-1.7516078351037339,5.149522927915195,3.921480677709535,0.373936706945505,-2.2483380261976467,-8.29588520244552,13.249442215203194,-0.19823600046091508
-8.692897312935004,6.575602010525821,-1.8345666871281892,5.18873773469229,4.053975099861567,0.3514533266835286,-2.250320386202256,-8.890285821786678,13.395574512587343,0.1438364206942199
-8.692897312935004,6.557256343654539,-1.923469545346056,5.229277485690906,4.187930844987441,0.32895012282150604,-2.2488820219953136,-9.576612448332794,13.570179131688297,0.45787363555082194
-8.692897312935004,6.538021648201079,-2.019235669829384,5.27115679414078,4.323632636304324,0.3064613026015529,-2.2443032856398055,-10.359168471507418,13.762249065705294,0.7367807859690944
-8.692897312935004,6.517829291502785,-2.1228273545444583,5.314393120503824,4.461255126961377,0.28401826974515487,-2.2369354777801145,-11.240609584468958,13.95572675140165,0.9712976186782131
-8.692897312935004,6.496601017957341,-2.235233450389148,5.359005671773438,4.600812394475393,0.2616489149673537,-2.2272225015933325,-12.220558473786081,14.12780317451801,1.149431030512531
-8.692897312935004,6.474248683453449,-2.3574390351270087,5.405013795718191,4.742090426220574,0.2393766899514204,-2.215728191288207,-13.293436333401816,14.246887456059243,1.2559087189471434
-8.692897312935004,6.450674293102178,-2.490373398461027,5.4524346999803965,4.8845593007811665,0.21721940803853831,-2.2031691040987353,-14.445183827580424,14.270477474744352,1.2718369906452576
-8.692897312935004,6.425770559117568,-2.6348252367368312,5.501280292988208,5.02726407552861,0.19518771699755097,-2.1904507341922828,-15.648497777332485,14.14354485657659,1.1749373003030914
-8.692897312935004,6.3994223067502,-2.791310214510156,5.551552933743494,5.168699524094376,0.17328320965562816,-2.178701361189252,-16.856282418623227,13.7987375961436,0.9410464279645202
-8.692897312935004,6.371509204605099,-2.9598730386963883,5.603239928984438,5.306686900055812,0.15149619604373563,-2.1692908969096067,-17.9933930127209,13.160761708939559,0.5479828338529806
-8.692897312935004,6.3419104742181345,-3.1398069688235974,5.656306797984996,5.4382945171452075,0.12980328707463956,-2.1638110685710767,-18.947762751888217,12.158494143361562,-0.016773011784053438
-8.692897312935004,6.310512404529899,-3.3292845963424798,5.710689743156448,5.559879458578823,0.1081651763889288,-2.1639787986889174,-19.56406828396427,10.748616967662814,-0.7434593784206326
-8.692897312935004,6.277219558566474,-3.5249252791821224,5.766288537742236,5.667365628255451,0.08652538840203962,-2.1714133924731236,-19.646328841713544,8.951170901434615,-1.5836219885518463
-8.692897312935004,6.241970305774652,-3.721388567599258,5.82296219402479,5.756877337269797,0.06481125447730839,-2.187249612358642,-18.979023794304286,6.886508171189529,-2.4368622797523947
-8.692897312935004,6.20475642009866,-3.911178805542301,5.880530967397489,5.825742418981693,0.04293875835372196,-2.211618235156166,-17.375364943067513,4.784566267654943,-3.1562850583218585
-8.692897312935004,6.165644632043237,-4.084932454972976,5.938788391587305,5.873588081658243,0.0208225760021603,-2.243181085739385,-14.74986952257137,2.926603929667672,-3.5910529067627266
-8.692897312935004,6.124795307493507,-4.23243115019869,5.997524272403888,5.9028541209549195,-0.0016092348552335482,-2.279091614807012,-11.189216574395356,1.5108896633135946,-3.665095676614563
-8.692897312935004,6.08247099599152,-4.344323315942644,6.056552813613437,5.917963017588056,-0.02440015100330367,-2.315742571573158,-6.976991780480568,0.5178322319994134,-3.4472748336532715
-8.692897312935004,6.039027762832093,-4.414093233747449,6.115732443789318,5.9231413399080495,-0.04755757671903525,-2.3502153199096907,-2.5420976010237655,-0.295983133413006,-3.1443521715695932
-8.692897312935004,5.994886830494619,-4.439514209757687,6.1749638571883985,5.920181508573919,-0.07105972991813216,-2.3816588416253865,1.6524145420310512,-1.2352026490549706,-2.999173650996603
-8.692897312935004,5.950491688397042,-4.422990064337376,6.234165672274138,5.907829482083369,-0.09487631833438602,-2.4116505781353528,5.2262872527501765,-2.4643372616592787,-3.1662215258613533
-8.692897312935004,5.906261787753668,-4.370727191809874,6.293243967094972,5.883186109466776,-0.11899282411573955,-2.4433127933939662,7.9557927872002825,-3.9319869752499863,-3.656001681009528
-8.692897312935004,5.862554515835569,-4.291169263937872,6.35207582818964,5.843866239714276,-0.14342595204967923,-2.4798728102040615,9.786359706342012,-5.446416985316596,-4.368343490572977
-8.692897312935004,5.81964282319619,-4.193305666874451,6.410514490586783,5.789402069861111,-0.16822468015171985,-2.5235562451097913,10.795888127175159,-6.802845820230947,-5.165189146674274
-8.692897312935004,5.777709766527446,-4.0853467856027,6.468408511285394,5.721373611658801,-0.19346024260281774,-2.575208136576534,11.13633355788012,-7.867253319412628,-5.928570213447922
-8.692897312935004,5.736856298671419,-3.9739834500238986,6.525622247401982,5.6427010784646745,-0.2192123239685831,-2.634493838711013,10.980033518433146,-8.594036369355578,-6.584164404294644
-8.692897312935004,5.69711646417118,-3.8641831148395673,6.582049258186629,5.556760714771118,-0.24555726235569322,-2.7003354827539594,10.484636962618694,-9.003587887282803,-7.09896324208474
-8.692897312935004,5.658474633022784,-3.7593367452133806,6.637616865334341,5.46672483589829,-0.2725606171832328,-2.7713251151748066,9.777373032694577,-9.15069217453648,-7.468456000817291
-8.692897312935004,5.620881265570651,-3.661563014886435,6.692284113693323,5.375217914152925,-0.3002738683349809,-2.8460096751829793,8.952682468911323,-9.100050673426189,-7.703620436812639
-8.692897312935004,5.5842656354217866,-3.5720361901973217,6.7460362928348525,5.284217407418663,-0.3287339650868107,-2.923045879551106,8.076574549680178,-8.912346906835811,-7.821599257010059
-8.692897312935004,5.548545273519814,-3.49127044470052,6.798878466909039,5.195093938350305,-0.35796442388232175,-3.0012618721212063,7.193105761338307,-8.638466245699583,-7.840244793922751
-8.692897312935004,5.513632569072809,-3.419339387087137,6.850829406292542,5.108709275893309,-0.38797704260353383,-3.079664320060434,6.330594194409583,-8.31849730006608,-7.775457405291107
-8.692897312935004,5.479439175201938,-3.356033445143041,6.901916499051475,5.025524302892649,-0.41877368580413815,-3.157418894113345,5.506677022894933,-7.9829724695485,-7.640196158141275
-8.692897312935004,5.445878840750507,-3.300966674914092,6.9521717420804015,4.9456945781971635,-0.4503478747452716,-3.233820855694758,4.732089357698973,-7.654855915057257,-7.444359168465335
-8.692897312935004,5.412869174001366,-3.2536457813371022,7.0016286878623735,4.869146019046591,-0.4826860833022192,-3.308264447379411,4.013350019631975,-7.351547444666456,-7.195051828098902
-8.692897312935004,5.380332716187995,-3.2135122811407824,7.0503201480528395,4.795630544599926,-0.5157687277760132,-3.3802149656604,3.3546114056748553,-7.086610487670344,-6.89698759471331
-8.692897312935004,5.348197593376588,-3.179966167084034,7.098276453498839,4.724764439723223,-0.5495708774326172,-3.4491848416075332,2.758904954212689,-6.871149497350066,-6.5529030710411265
-8.692897312935004,5.3163979317057475,-3.1523771175419073,7.145524097896071,4.656052944749722,-0.5840627258486926,-3.5147138723179445,2.2289592583189735,-6.714851257197591,-6.163945080192893
-8.692897312935004,5.284874160530328,-3.1300875249587174,7.192084627343568,4.588904432177746,-0.619209864571872,-3.5763533231198736,1.7677130638440313,-6.626728052843394,-5.730027450229254
-8.692897312935004,5.253573285280741,-3.112410394320277,7.237973671665345,4.522637151649312,-0.6549733978030707,-3.633653597622166,1.3785993880402283,-6.615593568775077,-5.250175904365807
-8.692897312935004,5.222449181337538,-3.0986244004398746,7.2832000431818384,4.456481215961562,-0.6913099337792924,-3.6861553566658243,1.065641215366091,-6.690282831203029,-4.722890234622773
-8.692897312935004,5.19146293733314,-3.0879679882862137,7.327764855341454,4.389578387649531,-0.7281714873459506,-3.733384259012052,0.833372954517493,-6.859605205398255,-4.146558107403561
-8.692897312935004,5.160583257450277,-3.079634258741039,7.371660639217949,4.320982335595549,-0.7655053299360711,-3.7748498400860875,0.68658478721737,-7.1320010997632055,-3.5199550642946704
-8.692897312935004,5.1297869148628665,-3.072768410868865,7.414870462573905,4.249662324597916,-0.803253828336932,-3.8100493907290343,0.6298803777953293,-7.514865848672794,-2.842858421173851
-8.692897312935004,5.099059230754178,-3.066469607090912,7.457367085819884,4.174513666111189,-0.8413543222442224,-3.8384779749407727,0.6670448688896895,-8.013517552558957,-2.1167846699220174
-8.692897312935004,5.068394534683269,-3.059799158402015,7.499112222480996,4.094378490585599,-0.87973910199363,-3.859645821639993,0.8002430450849365,-8.629830187532104,-1.345825802505666
-8.692897312935004,5.037796543099248,-3.0517967279511655,7.540056007386852,4.008080188710277,-0.9183355602100299,-3.8731040796650498,1.0291088241252233,-9.36063720206115,-0.5375070105517578
-8.692897312935004,5.007278575819737,-3.0415056397099134,7.580136809273955,3.9144738166896658,-0.9570666010066804,-3.8784791497705675,1.3498434603215466,-10.196131474790459,0.2964793753447523
-8.692897312935004,4.976863519422638,-3.028007205106698,7.619281547440852,3.812512501941761,-0.995851392504386,-3.87551435601712,1.7544983349045276,-11.118620785574084,1.1398745661390048
-8.692897312935004,4.946583447371571,-3.0104622217576527,7.65740667246027,3.7013262940860203,-1.0,0.0,1.8077834901277707,-11.92088975458011,1.8844389992693402
-8.692897312935004,4.916478825153995,-2.992384386856375,7.69441993540113,3.582117396540219,-1.0,0.018844389992693403,2.3723025893881626,-12.936430286559572,2.6942757521057517
-8.692897312935004,4.886554981285431,-2.9686613609624932,7.730241109366532,3.4527530936746236,-0.9998115561000731,0.04578714751375092,2.9762400639188233,-13.946272013871532,3.4450850087185754
-8.692897312935004,4.856868367675806,-2.938898960323305,7.764768640303278,3.3132903735359083,-0.9993536846249356,0.08023799760093667,3.598142336368331,-14.909941665890885,4.111595553282299
-8.692897312935004,4.827479378072573,-2.9029175369596216,7.797901544038637,3.1641909568769995,-0.9985513046489262,0.12135395313375966,4.216643433575228,-15.78920567957114,4.671850426287167
-8.692897312935004,4.798450202702976,-2.8607511026238694,7.829543453607407,3.006298900081288,-0.9973377651175885,0.16807245739663135,4.812541343881814,-16.552426911061595,5.109735098521386
-8.692897312935004,4.769842691676738,-2.8126256891850514,7.85960644260822,2.840774630970672,-0.9956570405436223,0.21916980838184522,5.370514084228471,-17.17793242306511,5.416697584297609
-8.692897312935004,4.7417164347848875,-2.7589205483427666,7.888014188917927,2.6689953067400207,-0.9934653424598038,0.2733367842248213,5.880147168644707,-17.655682429581937,5.592300328479577
-8.692897312935004,4.71412722930146,-2.7001190766563195,7.914704141985327,2.4924384824442014,-0.9907319746175556,0.3292597875096171,6.336145045184912,-17.98703180423964,5.643570714454749
-8.692897312935004,4.687126038534897,-2.6367576262044703,7.939628526809769,2.312568164401805,-0.9874393767424594,0.3856954946541646,6.737817484454311,-18.182897606108927,5.5834272367733675
-8.692897312935004,4.660758462272852,-2.5693794513599273,7.962754208453787,2.1307391883407156,-0.9835824217959178,0.4415297670218983,7.088084176430467,-18.260982631072824,5.428634217434383
-8.692897312935004,4.635064667759253,-2.4984986095956225,7.984061600337194,1.9481293620299873,-0.9791671241256988,0.4958161091962421,7.392287849734869,-18.24277159632734,5.197742635995094
-8.692897312935004,4.610079681663297,-2.424575731098274,8.003542893957494,1.7657016460667139,-0.9742089630337364,0.547793535556193,7.657061834546305,-18.150864112772403,4.9093521172756
-8.692897312935004,4.585833924352315,-2.3480051127528108,8.021199910418161,1.5841930049389898,-0.9687310276781744,0.596887056728949,7.889406319015994,-18.00695820660319,4.5808594269409495
-8.692897312935004,4.562353873224787,-2.269111049562651,8.037041840467552,1.404123422872958,-0.962762157110885,0.6426956509983586,8.096033254654136,-17.830562303850026,4.227710170469709
-8.692897312935004,4.53966276272916,-2.1881507170161094,8.051083074696281,1.2258177998344577,-0.9563352006009014,0.6849727527030557,8.282970009870072,-17.638353362592728,3.863076023930596
-8.692897312935004,4.517781255558998,-2.105321016917409,8.063341252694626,1.0494342662085305,-0.9494854730738709,0.7236035129423617,8.455373729581515,-17.444023634562754,3.4978409716585475
-8.692897312935004,4.496728045389824,-2.0207672796215936,8.07383559535671,0.874994029862903,-0.9422494379444473,0.7585819226589472,8.617496457130315,-17.258447771445127,3.1407808392906826
-8.692897312935004,4.476520372593608,-1.9345923150502904,8.082585535655339,0.7024095521484517,-0.9346636187178577,0.789989731051854,8.772745481016898,-17.090027282160225,2.7988418820967547
-8.692897312935004,4.457174449443105,-1.8468648602401214,8.089609631176824,0.5315092793268494,-0.9267637214073392,0.8179781498728216,8.923795090392035,-16.945107505103937,2.4774516869312606
-8.692897312935004,4.438705800840704,-1.7576269093362011,8.094924723970092,0.36205820427581004,-0.918583939908611,0.8427526667421342,9.072718954616935,-16.828399174869567,2.1808207461156734
-8.692897312935004,4.421129531747342,-1.6668997197900317,8.09854530601285,0.19377421252711435,-0.9101564132411897,0.864560874203291,9.221123596723645,-16.743366054381173,1.9122123546765362
-8.692897312935004,4.404460534549441,-1.5746884838227952,8.100483048138122,0.026340551983302624,-0.9015108044991568,0.8836829977500563,9.370271854757107,-16.692560664625624,1.6741715998840807
-8.692897312935004,4.388713649711214,-1.480985765275224,8.100746453657955,-0.14058505466295362,-0.8926739745216562,0.9004247137488971,9.521190879902631,-16.67790300261002,1.4687121785468389
-8.692897312935004,4.373903792058462,-1.3857738564761977,8.099340603111326,-0.30736408468905385,-0.8836697273841673,0.9151118355343655,9.674762624592319,-16.700904198362064,1.2974639857469878
-8.692897312935004,4.3600460534937,-1.2890262302302744,8.096266962264435,-0.4743731266726745,-0.8745186090288236,0.9280864753918353,9.831796528447988,-16.76284015108912,1.1617861270807204
-8.692897312935004,4.347155791191397,-1.1907082649457945,8.091523230997709,-0.6420015281835657,-0.8652377442749053,0.9397043366626425,9.993084727375583,-16.864880724531623,1.0628501651987747
-8.692897312935004,4.335248708541939,-1.0907774176720386,8.085103215715874,-0.810650335428882,-0.8558407009082789,0.9503328383146302,10.159439962609127,-17.008179036449892,1.0016976543305371
-8.692897312935004,4.324340934365218,-0.9891830180459473,8.076996712361584,-0.9807321257933809,-0.8463373725251326,0.9603498148579356,10.331715686013105,-17.193923317673317,0.9792747162641776
-8.692897312935004,4.314449104184759,-0.8858658611858162,8.06718939110365,-1.152671358970114,-0.8367338743765533,0.9701425620205774,10.51080676690802,-17.423351010571363,0.9964447459485495
-8.692897312935004,4.305590445572901,-0.780757793516736,8.055662677513949,-1.3269048690758276,-0.8270324487563475,0.9801070094800629,10.697627741450903,-17.697721274454345,1.053978343942946
-8.692897312935004,4.297782867637734,-0.673781516102227,8.042393628823191,-1.503882081820371,-0.8172313786615469,0.9906467929194923,10.893063689040265,-18.018237763376042,1.1525171992671048
-8.692897312935004,4.291045052476711,-0.5648508792118244,8.027354808004988,-1.6840644594541314,-0.807324910732352,1.0021719649121634,11.097886524767734,-18.385908243643996,1.2925057685561463
-8.692897312935004,4.285396543684593,-0.45387201396414706,8.010514163410447,-1.8679235418905713,-0.7973031910832303,1.015097022597725,11.312626727466297,-18.801321104013745,1.4740810636887847
-8.692897312935004,4.2808578235449515,-0.3407457466894841,7.991834927991541,-2.055936752930709,-0.7871522208572531,1.0298378332346128,11.537387318685543,-19.26431095184645,1.6969065382418982
-8.692897312935004,4.277450366078057,-0.22537187350262866,7.971275560462234,-2.2485798624491733,-0.776853842524907,1.0468068986170318,11.771583492686329,-19.773476457525312,1.95993093730108
-8.692897312935004,4.27519664734303,-0.10765603857576538,7.948789761837743,-2.4463146270244263,-0.7663857735387366,1.0664062079900427,12.013588270481671,-20.325504278991122,2.261047329867189
-8.692897312935004,4.274120086957272,0.012479844129051343,7.924326615567498,-2.6495696698143374,-0.7557217114588362,1.0890166812887145,12.260263203831064,-20.91424553615166,2.5966223021780324
