f (N),th1 (rad),w1 (rad/s),th2 (rad),w2 (rad/s),x (m),vx (m/s),a1 (rad/s^2),a2 (rad/s^2),ax (m/s^2)
-6.150362257315816,4.218077070925585,-2.196081216700224,0.35962835193817766,-2.0383704817854076,0.0,0.0,9.016210227597853,-6.836670370087879,-1.2527687244926689
-6.150362257315816,4.1961162587585825,-2.1059191144242453,0.3392446471203236,-2.106737185486286,0.0,-0.01252768724492669,9.184790328335833,-6.6409188088773385,-1.5749926901356888
-6.150362257315816,4.17505706761434,-2.014071211140887,0.31817727526546075,-2.17314637357506,-0.0001252768724492669,-0.02827761414628358,9.341273233723127,-6.41613968228912,-1.900154816988459
-6.150362257315816,4.154916355502931,-1.9206584788036556,0.29644581152971017,-2.237307770397951,-0.0004080530139121027,-0.04727916231616817,9.484870609835603,-6.161971889031891,-2.2271361475972533
-6.150362257315816,4.135709770714895,-1.8258097727052995,0.27407273382573066,-2.29892748928827,-0.0008808446370737843,-0.0695505237921407,9.614973487484043,-5.87850775482278,-2.554712923159951
-6.150362257315816,4.117451672987842,-1.7296600378304592,0.25108345893284795,-2.3577125668364975,-0.0015763498749951914,-0.09509765302374021,9.731174446030494,-5.566333101839161,-2.881550773220097
-6.150362257315816,4.100155072609538,-1.6323482933701543,0.22750633326448297,-2.4133758978548894,-0.0025273264052325935,-0.12391316075594118,9.833283498837028,-5.226551730499189,-3.2062035976327903
-6.150362257315816,4.083831589675836,-1.534015458381784,0.20337257428593408,-2.4656414151598813,-0.003766458012792005,-0.1559751967322691,9.921336198727506,-4.860790899099976,-3.527118097558794
-6.150362257315816,4.068491435092018,-1.434802096394509,0.17871616013433528,-2.514249324150881,-0.005326209980114696,-0.19124637770785702,9.995592861044514,-4.471185346623275,-3.8426445815850307
-6.150362257315816,4.054143414128073,-1.3348461677840637,0.15357366689282648,-2.558961177617114,-0.007238673757193267,-0.22967282352370733,10.056528335889995,-4.060338744380767,-4.15105422417469
-6.150362257315816,4.0407949524502325,-1.2342808844251638,0.12798405511665534,-2.5995645650609216,-0.00953540199243034,-0.2711833657654542,10.104812411019417,-3.63126308007854,-4.450562425129273
-6.150362257315816,4.028452143605981,-1.1332327603149697,0.10198840946604612,-2.635877195861707,-0.012247235650084882,-0.31568899001674694,10.141281630568017,-3.1872982125619007,-4.739357367573543
-6.150362257315816,4.017119816002832,-1.0318199440092894,0.07562963750742904,-2.667750177987326,-0.015404125550252352,-0.3630825636924824,10.1669039941585,-2.7320154877471197,-5.0156323660346835
-6.150362257315816,4.006801616562739,-0.9301509040677044,0.04895213572755578,-2.6950703328647974,-0.019034951187177174,-0.4132388873528292,10.182738573202704,-2.2691106688606744,-5.277620203345577
-6.150362257315816,3.997500107522062,-0.8283235183356774,0.022001432398907807,-2.717761439553404,-0.023167340060705467,-0.466015089386285,10.189892472958263,-1.8022923278010223,-5.523627430998421
-6.150362257315816,3.989216872338705,-0.7264245936060948,-0.005176181996626235,-2.7357843628314145,-0.027827490954568317,-0.5212513636962692,10.189477729481968,-1.335172151128577,-5.752066584943303
-6.150362257315816,3.981952626402644,-0.6245298163112751,-0.03253402562494038,-2.7491360843427004,-0.03304000459153101,-0.5787720295457023,10.182570641718558,-0.8711632995147124,-5.961484451038469
-6.150362257315816,3.9757073282395314,-0.5227041098940896,-0.06002538646836739,-2.7578477173378477,-0.03882772488698803,-0.638386874056087,10.170175717951802,-0.4133920787797772,-6.150584874874325
-6.150362257315816,3.9704802871405906,-0.42100235271457154,-0.08760386364174587,-2.7619816381256457,-0.0452115936275489,-0.6998927228048302,10.15319591205301,0.03537313307100758,-6.318245098546927
-6.150362257315816,3.966270263613445,-0.31947039359404145,-0.11522368002300233,-2.7616279067949354,-0.05221052085559721,-0.7630751737902994,10.132410209854541,0.4727733212279233,-6.463525156815422
-6.150362257315816,3.9630755596775047,-0.21814629149549603,-0.14283995909095168,-2.756900173582656,-0.0598412725935002,-0.8277104253584536,10.108458979772433,0.8968898619013771,-6.585670409277082
-6.150362257315816,3.9608940967625497,-0.11706170169777169,-0.17040896082677826,-2.7479312749636424,-0.06811837684708474,-0.8935671294512244,10.081836899768327,1.3062558502654162,-6.684107764896436
-6.150362257315816,3.959723479745572,-0.01624333270008843,-0.19788827357641467,-2.7348687164609884,-0.07705404814159698,-0.9604082071001888,10.052892774111163,1.699849640817236,-6.758436528401809
-6.150362257315816,3.959561046418571,0.0842855950410232,-0.22523696074102456,-2.717870220052816,-0.08665813021259887,-1.027992572384207,10.021835194854381,2.0770733627611158,-6.808415043111289
-6.150362257315816,3.960403902368981,0.184503946989567,-0.2524156629415527,-2.6970994864252047,-0.09693805593644093,-1.0960767228153199,9.988742797174236,2.4377196468365656,-6.833944419827614
-6.150362257315816,3.962248941838877,0.2843913749613094,-0.27938665780580474,-2.6727222899568392,-0.10789882316459413,-1.164416167013596,9.953577796338358,2.78192992519704,-6.835050640540878
-6.150362257315816,3.96509285558849,0.383927152924693,-0.30611388070537315,-2.644902990704869,-0.1195429848347301,-1.2327666734190048,9.916201553391684,3.11014750519709,-6.811866232980876
-6.150362257315816,3.968932127117737,0.48308916845860983,-0.3325629106124218,-2.613801515652898,-0.13187065156892014,-1.3008853357488135,9.876391064457746,3.42306825173534,-6.764612556069015
-6.150362257315816,3.973763018802323,0.5818530791031873,-0.3587009257689508,-2.579570833135545,-0.14487950492640828,-1.3685314613095036,9.833855470525537,3.721591224149076,-6.693583544895226
-6.150362257315816,3.979581549593355,0.6801916338084426,-0.38449663410030627,-2.5423549208940543,-0.1585648195395033,-1.4354672967584559,9.788251909198758,4.006771076854379,-6.599131560774526
-6.150362257315816,3.986383465931439,0.7780741529004302,-0.4099201833092468,-2.5022872101255107,-0.17291949250708785,-1.501458612366201,9.739200251491031,4.2797735069118295,-6.481655795126208
-6.150362257315816,3.9941642074604435,0.8754661554153406,-0.4349430554105019,-2.4594894750563925,-0.18793407863074987,-1.566275170317463,9.686296466932165,4.541834557676606,-6.341593496993229
-6.150362257315816,4.002918869014597,0.9723291200846622,-0.4595379501610658,-2.4140711294796264,-0.2035968303339245,-1.6296911052873955,9.62912452770087,4.7942241899441855,-6.179414138925735
-6.150362257315816,4.012642160215444,1.0686203653616708,-0.4836786614558621,-2.3661288875801847,-0.21989374138679846,-1.6914852466766528,9.567266892030888,5.038214220644339,-5.995616506115264
-6.150362257315816,4.0233283638690605,1.1642930342819797,-0.5073399503316639,-2.3157467453737413,-0.23680859385356498,-1.7514414117378054,9.50031369823737,5.275050503707356,-5.790728587347352
-6.150362257315816,4.03497129421188,1.2592961712643533,-0.5304974177854013,-2.2629962403366677,-0.25432300797094304,-1.809348697611279,9.427870856022885,5.505929080787297,-5.565310059942271
-6.150362257315816,4.047564255924524,1.3535748798245821,-0.553127380188768,-2.207936949528795,-0.27241649494705583,-1.8650017982107017,9.349567245705714,5.73197594974187,-5.319957090023202
-6.150362257315816,4.061100004722769,1.4470705522816392,-0.5752067496840559,-2.150617190031376,-0.29106651292916286,-1.9182013691109336,9.265061233891041,5.9542300732589215,-5.055309109931393
-6.150362257315816,4.075570710245586,1.5397211646205495,-0.5967129215843697,-2.091074889298787,-0.3102485266202722,-1.9687544602102476,9.174046691153691,6.173629265952351,-4.772057182845385
-6.150362257315816,4.090967921891791,1.6314616315320865,-0.6176236704773576,-2.0293385966392634,-0.32993607122237467,-2.0164750320387013,9.076258658436716,6.390998643759896,-4.4709535181996145
-6.150362257315816,4.107282538207112,1.7222242181164535,-0.6379170564437502,-1.9654286102016645,-0.3501008215427617,-2.0611845672206974,8.971478758497836,6.60704138406972,-4.1528216592053395
-6.150362257315816,4.124504780388277,1.811939005701432,-0.6575713425457669,-1.8993581963609674,-0.37071266721496865,-2.1027127838127506,8.859540390767968,6.822331619619717,-3.8185668259400547
-6.150362257315816,4.142624170445291,1.9005344096091117,-0.6765649245093766,-1.8311348801647702,-0.39173979505309614,-2.1408984520721512,8.740333685983796,7.03730936607216,-3.4691858657794667
-6.150362257315816,4.161629514541382,1.9879377464689496,-0.6948762733110243,-1.7607617865040486,-0.4131487795738177,-2.175590310729946,8.61381013431615,7.252277455543916,-3.1057762403716356
-6.150362257315816,4.181508892006072,2.0740758478121113,-0.7124838911760648,-1.6882390119486095,-0.43490468268111715,-2.206648073133662,8.479986740857361,7.467400510394583,-2.729543468926593
-6.150362257315816,4.202249650484193,2.158875715220685,-0.7293662812955509,-1.6135650068446636,-0.45697116341245375,-2.233943507822928,8.338949508833698,7.68270603808968,-2.341806456060519
-6.150362257315816,4.2238384076364,2.242265210309022,-0.7455019313639976,-1.536737946463767,-0.479310598490683,-2.2573615723835334,8.19085600756514,7.898087754529824,-1.9440001637733342
-6.150362257315816,4.24626105973949,2.3241737703846734,-0.7608693108286352,-1.4577570689184687,-0.5018842142145183,-2.276801574021267,8.03593675294301,8.113311246288093,-1.537675145971284
-6.150362257315816,4.269502797443337,2.4045331379141035,-0.7754468815178198,-1.3766239564555878,-0.524652229954731,-2.2921783254809798,7.8744951169244946,8.328022059256112,-1.1244935538159215
-6.150362257315816,4.293548128822478,2.4832780890833486,-0.7892131210823757,-1.2933437358630266,-0.5475740132095408,-2.303423261019139,7.706905492757698,8.541756251257523,-0.7062213427874701
-6.150362257315816,4.318380909713312,2.5603471440109256,-0.802146558441006,-1.2079261733504514,-0.5706082458197322,-2.310485474447014,7.533609477025576,8.753953370082456,-0.2847165667972334
-6.150362257315816,4.343984381153422,2.6356832387811813,-0.8142258201745105,-1.120386639649627,-0.5937131005642023,-2.3133326401149863,7.355109889454368,8.963971719139954,0.1380861731448492
-6.150362257315816,4.370341213541233,2.709234337675725,-0.8254296865710068,-1.0307469224582273,-0.6168464269653522,-2.3119517783835377,7.171962536219296,9.17110565589268,0.5601948560060649
-6.150362257315816,4.39743355691799,2.780953963037918,-0.835737155795589,-0.9390358658993005,-0.6399659447491876,-2.306349829823477,6.984765729333488,9.374604541116602,0.979582262894335
-6.150362257315816,4.425243096548369,2.850801620331253,-0.845127514454582,-0.8452898204881345,-0.6630294430474223,-2.296554007194534,6.794147698208794,9.573692829465063,1.3942106082621093
-6.150362257315816,4.453751112751682,2.918743097313341,-0.8535804126594634,-0.7495528921934839,-0.6859949831193676,-2.282611901111913,6.600752161704728,9.767590674721836,1.8020577106110898
-6.150362257315816,4.482938543724815,2.9847506189303883,-0.8610759415813982,-0.6518769854462655,-0.7088211021304867,-2.264591324005802,6.405222459911264,9.955534327672371,2.2011436883749265
-6.150362257315816,4.512786049914119,3.0488028435295007,-0.8675947114358609,-0.5523216421695418,-0.7314670153705447,-2.242579887122053,6.208184763212305,10.136795540914774,2.589557075973238
-6.150362257315816,4.543274078349414,3.110884691161624,-0.8731179278575563,-0.4509536867603941,-0.7538928142417652,-2.21668431636232,6.010230970342218,10.310699171137962,2.9654792303986817
-6.150362257315816,4.57438292526103,3.170987000865046,-0.8776274647251602,-0.3478466950490145,-0.7760596574053884,-2.1870295240583335,5.811901966843019,10.476638189989087,3.32720594680069
-6.150362257315816,4.606092795269681,3.229106020533476,-0.8811059316756503,-0.24308031314912362,-0.7979299526459718,-2.153757464590327,5.6136719327779465,10.634085380021773,3.6731653224483694
-6.150362257315816,4.638383855475015,3.2852427398612556,-0.8835367348071416,-0.13673945934890588,-0.819467527291875,-2.117025811365843,5.4159343597372525,10.782601098261122,4.001931095133709
-6.150362257315816,4.671236282873628,3.339402083458628,-0.8849041294006307,-0.02891344836629467,-0.8406377854055335,-2.0770065004145057,5.2189903626142335,10.92183662837249,4.312230920723408
-6.150362257315816,4.704630303708214,3.3915919870847704,-0.8851932638842936,0.08030491791743025,-0.8614078504096785,-2.033884191207272,5.0230397566361855,11.05153280174013,4.6029493260179155
-6.150362257315816,4.738546223579061,3.4418223846511324,-0.8843902147051194,0.19082024593483154,-0.8817466923217512,-1.9878546979470926,4.828175224352563,11.17151373452294,4.87312535493987
-6.150362257315816,4.772964447425573,3.490104136894658,-0.882482012245771,0.3025353832800609,-0.9016252393012221,-1.939123444397694,4.6343797336602846,11.281675688291134,5.12194519535461
-6.150362257315816,4.80786548879452,3.5364479342312607,-0.8794566584129705,0.4153521401629723,-0.921016473745199,-1.8879039924441479,4.441527201231562,11.381971203920882,5.348730309602218
-6.150362257315816,4.843229968136833,3.5808632062435763,-0.8753031370113408,0.5291718522021811,-0.9398955136696405,-1.8344166893481257,4.24938624071536,11.472388772678372,5.552921777587142
-6.150362257315816,4.8790386001992685,3.62335706865073,-0.870011418489319,0.6438957399289649,-0.9582396805631218,-1.7788874715722542,4.057626704997687,11.552928389437684,5.734061686591661
-6.150362257315816,4.915272170885776,3.663933335700707,-0.8635724610900293,0.7594250238233418,-0.9760285552788444,-1.7215468547063377,3.865828636795529,11.623573379821485,5.891772463270001
-6.150362257315816,4.951911504242783,3.7025916220686623,-0.8559782108517958,0.8756607576215566,-0.9932440238259077,-1.6626291300736378,3.673493188154291,11.684258909373678,6.025735043689238
-6.150362257315816,4.988937420463469,3.7393265539502054,-0.8472216032755803,0.9925033467152934,-1.0,0.0,3.272933903923341,11.646418896821478,6.090239369205865
-6.150362257315816,5.0263306860029715,3.7720558929894388,-0.8372965698084274,1.1089675356835083,-1.0,0.06090239369205865,3.052809737677075,11.673028648737574,6.16166502467811
-6.150362257315816,5.064051244932866,3.8025839903662093,-0.8262068944515923,1.225697822170884,-0.9993909760630794,0.12251904393883975,2.8300833538921757,11.688013242046418,6.207093568252252
-6.150362257315816,5.102077084836528,3.830884823905131,-0.8139499162298836,1.3425779545913483,-0.998165785623691,0.18458997962136225,2.6040760627533657,11.69069250154903,6.22627200939701
-6.150362257315816,5.14038593307558,3.8569255845326644,-0.80052413668397,1.4594848796068387,-0.9963198858274773,0.24685269971533236,2.374099934231381,11.680136969023003,6.218915781079612
-6.150362257315816,5.178955188920907,3.8806665838749783,-0.7859292878879016,1.5762862492970688,-0.993851358830324,0.30904185752612845,2.139473838654739,11.655126326985897,6.184694309258165
-6.150362257315816,5.217761854759656,3.9020613222615257,-0.770166425394931,1.6928375125669277,-0.9907609402550628,0.3708888006187101,1.899539946101619,11.61410850922681,6.123219428209262
-6.150362257315816,5.256782467982272,3.921056721722542,-0.7532380502692617,1.8089785976591959,-0.9870520522488757,0.4321209949008027,1.6536808339520765,11.555160632161492,6.034036970152614
-6.150362257315816,5.295993035199498,3.937593530062063,-0.7351482642926698,1.9245302039808108,-0.9827308422998677,0.4924613646023288,1.4013374026437686,11.47595328697825,5.916621912763205
-6.150362257315816,5.335368970500118,3.9516069040885005,-0.7159029622528617,2.039289736850593,-0.9778062286538445,0.5516275837299609,1.1420278041097625,11.37372025732313,5.7703775732373925
-6.150362257315816,5.374885039541003,3.963027182129598,-0.6955100648843557,2.1530269394238246,-0.9722899528165448,0.6093313594623349,0.87536753191081,11.245236367175284,5.594639485051246
-6.150362257315816,5.414515311362299,3.971780857448706,-0.6739797954901174,2.2654793030955775,-0.9661966392219214,0.6652777543128473,0.6010906928108655,11.086806897391662,5.388684768068377
-6.150362257315816,5.454233119936786,3.9777917643768146,-0.6513250024591617,2.3763473720694943,-0.959543861678793,0.719164601993531,0.3190722633725768,10.894272790453027,5.151747979252293
-6.150362257315816,5.494011037580554,3.9809824870105404,-0.6275615287384667,2.4852900999740246,-0.9523522156588577,0.770682081786054,0.029350822005384573,10.663036609776686,4.8830445734906185
-6.150362257315816,5.53382086245066,3.981275995230594,-0.6027086277387265,2.5919204660717914,-0.9446453948409972,0.8195125275209602,-0.2678491663250478,10.388114807515977,4.581803162896757
-6.150362257315816,5.573633622402966,3.9785975035673435,-0.5767894230780085,2.695801614146951,-0.9364502695657876,0.8653305591499277,-0.572096939152805,10.064222108683632,4.247307677326097
-6.150362257315816,5.613419597438639,3.9728765341758154,-0.549831406936539,2.7964438352337875,-0.9277969639742883,0.9078036359231887,-0.8827388897714262,9.685893518028966,3.8789502294459255
-6.150362257315816,5.653148362780398,3.9640491452781013,-0.5218669685842011,2.8933027704140772,-0.9187189276150565,0.9465931382176479,-1.198888440685801,9.247648345843439,3.476294905903032
-6.150362257315816,5.692788854233179,3.952060260871243,-0.4929339408800604,2.9857792538725114,-0.90925299623288,0.9813560872766782,-1.5194253655142484,8.744198479776355,3.0391517892526063
-6.150362257315816,5.732309456841891,3.936866007216101,-0.46307614834133526,3.073221238670275,-0.8994394353601133,1.0117476051692043,-1.8430078334546325,8.170699715153361,2.5676592485507412
-6.150362257315816,5.771678116914052,3.9184359288815545,-0.4323439359546325,3.1549282358218083,-0.8893219593084213,1.0374241976547116,-2.168100305910069,7.523040256170161,2.062370969370772
-6.150362257315816,5.8108624762028676,3.896754925822454,-0.4007946535964144,3.23015863838351,-0.8789477173318742,1.0580479073484192,-2.493019707875145,6.798154717066157,1.5243424652110835
-6.150362257315816,5.849830025461092,3.8718247287437024,-0.3684930672125793,3.2981401855541717,-0.86836723825839,1.0732913320005302,-2.816000888496127,5.994345614284302,0.9552101631456842
-6.150362257315816,5.888548272748529,3.843664719858741,-0.3355116653570376,3.358083641697015,-0.8576343249383848,1.082843433631987,-3.1352802293769724,5.111588335015429,0.3572549200174229
-6.150362257315816,5.926984919947116,3.8123119175649713,-0.30193082894006745,3.409199525047169,-0.8468058906020649,1.0864159828321611,-3.449193467363678,4.1517910798675235,-0.2665586208357544
-6.150362257315816,5.965108039122765,3.7778199828913346,-0.26783883368959577,3.4507174358458443,-0.8359417307737433,1.0837503966238036,-3.756280692089403,3.118979605455634,-0.912574741269971
-6.150362257315816,6.002886238951679,3.7402571759704406,-0.2333316593311373,3.4819072319004007,-0.8251042268075053,1.0746246492111038,-4.055388596492509,2.019378841071317,-1.576477343200646
-6.150362257315816,6.040288810711384,3.6997032900055156,-0.1985125870121333,3.502101020311114,-0.8143579803153942,1.0588598757790972,-4.345758093272776,0.8613701697179934,-2.253361303832147
-6.150362257315816,6.077285843611439,3.656245709072788,-0.16349157680902218,3.5107147220082937,-0.8037693815576032,1.0363262627407757,-4.627085060205024,-0.34468596883626845,-2.9378430652597562
0.06696958585906998,6.113848300702167,3.6099748584707374,-0.12838442958893925,3.507267862319931,-0.7934061189301955,1.0069478320881782,1.0499112032815894,4.184130200384023,2.325042114585713
0.06696958585906998,6.149948049286874,3.620473970503553,-0.09331175096573993,3.5491091643237715,-0.7833366406093137,1.0301982532340352,0.784494703567145,2.963854929517151,1.6815060497621017
0.06696958585906998,6.18615278899191,3.6283189175392248,-0.057820659322502216,3.578747713618943,-0.7730346580769734,1.0470133137316562,0.5274834606364945,1.7057385436364936,1.0232415754402056
0.06696958585906998,6.222435978167302,3.6335937521455897,-0.022033182186312783,3.595805099055308,-0.7625645249396568,1.0572457294860582,0.27780854191178433,0.4230379187884863,0.3560331284891404
0.06696958585906998,6.258771915688758,3.6363718375647074,0.0139248688042403,3.6000354782431927,-0.7519920676447962,1.0608060607709495,0.03402667757441185,-0.8699666721757338,-0.3141007066637399
0.06696958585906998,6.295135634064405,3.6367121043404516,0.04992522358667223,3.5913358115214353,-0.7413840070370867,1.0576650537043122,-0.20555377968042068,-2.1584957924870856,-0.9810757805081117
0.06696958585906998,6.33150275510781,3.634656566543647,0.08583858170188657,3.5697508535965645,-0.7308073565000436,1.047854295899231,-0.4427223717630357,-3.427834897717075,-1.6389142953515938
0.06696958585906998,6.367849320773246,3.630229342826017,0.12153609023785222,3.5354725046193938,-0.7203288135410513,1.031465152945715,-0.6792091526445904,-4.663896917493895,-2.281910626168619
0.06696958585906998,6.404151614201506,3.623437251299571,0.15689081528404616,3.4888335354444546,-0.7100141620115942,1.0086460466840288,-0.916539079958787,-5.853742206981944,-2.904782304517537
0.06696958585906998,6.440385986714502,3.6142718604999833,0.19177915063849071,3.4302961133746352,-0.6999277015447539,0.9795982236388534,-1.1559146823315833,-6.9860192475098355,-3.502798547706737
0.06696958585906998,6.4765287053195015,3.6027127136766675,0.22608211177223708,3.360435920899537,-0.6901317193083654,0.944570238161786,-1.3981386390514428,-8.051297772518826,-4.071880208426145
0.06696958585906998,6.512555832456268,3.588731327286153,0.25968647098123243,3.279922943174349,-0.6806860169267475,0.9038514360775245,-1.6435814877773591,-9.042276959953593,-4.60866688041055
0.06696958585906998,6.54844314572913,3.5722955124083793,0.29248570041297595,3.189500173574813,-0.6716475025659722,0.857764767273419,-1.8921930955480701,-9.953863534102918,-5.110549100651685
0.06696958585906998,6.5841661008532135,3.5533735814528984,0.32438070214872405,3.089961538233784,-0.663069854893238,0.8066592762669021,-2.1435510518689282,-10.783126477400662,-5.575666019452556
0.06696958585906998,6.619699836667743,3.531938070934209,0.3552803175310619,2.982130273459777,-0.655003262130569,0.7509026160723766,-2.39693559929145,-11.529145084225574,-6.002871330959745
0.06696958585906998,6.655019217377085,3.5079687149412946,0.38510162026565964,2.8668388226175217,-0.6474942359698452,0.6908739027627792,-2.6514193746257564,-12.192774175313184,-6.391672365181205
0.06696958585906998,6.690098904526497,3.481454521195037,0.4137700084918349,2.74491108086439,-0.6405854969422174,0.6269571791109672,-2.905960852773065,-12.776353872300774,-6.742148755809342
0.06696958585906998,6.724913449738447,3.4523949126673066,0.44121911930047875,2.617147542141382,-0.6343159251511078,0.5595356915528737,-3.1594923933471666,-13.283391466033237,-7.054857841288272
0.06696958585906998,6.759437398865121,3.420799988733835,0.4673905947218926,2.4843136274810496,-0.6287205682355791,0.488987113139991,-3.4109964994140727,-13.71824018847338,-7.330733905817141
0.06696958585906998,6.793645398752459,3.3866900237396944,0.4922337309967031,2.347131225596316,-0.6238306971041792,0.41567977408181955,-3.6595666849140067,-14.085795035320439,-7.5709876420114455
0.06696958585906998,6.8275122989898565,3.3500943568905543,0.5157050432526662,2.2062732752431113,-0.6196738993633609,0.3399698976617051,-3.9044517646355237,-14.391220196348081,-7.777011032533308
0.06696958585906998,6.861013242558762,3.311049839244199,0.5377677760050973,2.0623610732796305,-0.6162742003867439,0.262199787336372,-4.145084187447006,-14.639717033507049,-7.950291450490354
0.06696958585906998,6.894123740951204,3.2695989973697293,0.5583913867378936,1.91596390294456,-0.6136522025133802,0.18269687283146846,-4.381094171909379,-14.836336565285366,-8.092337389763559
0.06696958585906998,6.926819730924901,3.2257880556506353,0.5775510257673392,1.7676005372917065,-0.6118252337850655,0.10177349893383288,-4.61231194361149,-14.985836451921063,-8.204617019247044
0.06696958585906998,6.9590776114814075,3.1796649362145204,0.5952270311402562,1.6177421727724959,-0.6108074987957272,0.019727328741362432,-4.838760454476224,-15.092579657705004,-8.288509800720044
0.06696958585906998,6.990874260843553,3.131277331669758,0.6114044528679812,1.4668163761954458,-0.6106102255083136,-0.063157769265838,-5.060640744354097,-15.16047023147525,-8.345270745341947
0.06696958585906998,7.02218703416025,3.0806709242262174,0.6260726166299356,1.3152116738806934,-0.611241803200972,-0.14661047671925748,-5.2783117299275535,-15.192920816882788,-8.376006486663746
0.06696958585906998,7.052993743402513,3.027887806926942,0.6392247333687425,1.1632824657118654,-0.6127079079681645,-0.23037054158589493,-5.4922657911055675,-15.192846353648095,-8.381662167150308
0.06696958585906998,7.0832726214717825,2.972965149015886,0.6508575580258612,1.0113540021753844,-0.6150116133840235,-0.31418716325739804,-5.703101152101359,-15.162678733183908,-8.363018106352232
0.06696958585906998,7.113002272961942,2.9159341374948724,0.660971098047615,0.8597272148435453,-0.6181534850165975,-0.39781734432092036,-5.911491772673174,-15.104397729166188,-8.320695277590014
0.06696958585906998,7.1421616143368905,2.856819219768141,0.6695683701960504,0.7086832375518834,-0.6221316584598067,-0.4810242970968205,-6.118155297587947,-15.019574180899971,-8.255168709350842
0.06696958585906998,7.170729806534572,2.795637666792261,0.6766552025715693,0.5584874957428837,-0.6269419014307749,-0.563575984190329,-6.323819561956537,-14.909422054255293,-8.166788002163864
0.06696958585906998,7.198686183202494,2.7323994711726955,0.6822400775289982,0.40939327520033075,-0.6325776612726782,-0.6452438642119676,-6.529188204362337,-14.77485657150242,-8.055804179311862
0.06696958585906998,7.226010177914222,2.6671075891290723,0.6863340102810015,0.26164470948530655,-0.6390300999147979,-0.7258019060050862,-6.734906075349831,-14.616556050946075,-7.922402051582002
0.06696958585906998,7.2526812538055125,2.599758528375574,0.6889504573758546,0.1154791489758458,-0.6462881189748487,-0.8050259265209062,-6.941525314652012,-14.43502541940978,-7.766737166649713
0.06696958585906998,7.2786788390892685,2.530343275229054,0.6901052488656131,-0.028871105218252008,-0.6543383782400578,-0.8826932981874034,-7.149473170092334,-14.230659564672013,-7.588976239366093
0.06696958585906998,7.3039822718415595,2.4588485435281306,0.6898165378134306,-0.17117770086497214,-0.6631653112219318,-0.9585830605810644,-7.359022805543308,-14.003804804685268,-7.389339738459923
0.06696958585906998,7.32857075727684,2.3852583154726976,0.6881047608047808,-0.3112157489118248,-0.6727511418277424,-1.0324764579656636,-7.570268456668957,-13.754816799612161,-7.168145066331365
0.06696958585906998,7.352423340431567,2.309555630906008,0.6849926033156626,-0.4487639169079464,-0.683075906407399,-1.1041579086289772,-7.783106308183923,-13.484113261118434,-6.925848547790159
0.06696958585906998,7.375518896740627,2.231724567824169,0.6805049641465831,-0.5836050495191307,-0.6941174854936888,-1.1734163941068787,-7.997222360788955,-13.192219862398009,-6.66308428103493
0.06696958585906998,7.3978361424188686,2.151752344216279,0.6746689136513918,-0.7155272481431108,-0.7058516494347575,-1.240047236917228,-8.212088318582547,-12.879807860557971,-6.380697839546485
0.06696958585906998,7.419353665861031,2.0696314610304536,0.6675136411699607,-0.8443253267486904,-0.7182521218039298,-1.3038542153126929,-8.426966163467819,-12.547722140854734,-6.079772880281763
0.06696958585906998,7.440049980471336,1.9853617993957755,0.6590703879024739,-0.9698025481572378,-0.7312906639570568,-1.3646519441155105,-8.640921614040817,-12.19699869775621,-5.761648932898759
0.06696958585906998,7.459903598465294,1.8989525832553673,0.6493723624209015,-1.0917725351347998,-0.7449371833982119,-1.4222684334444982,-8.852846130913884,-11.82887098234269,-5.427929020895902
0.06696958585906998,7.478893124297848,1.8104241219462285,0.6384546370695534,-1.2100612449582266,-0.7591598677326569,-1.4765477236534572,-9.061486578833204,-11.444765052230313,-5.080476282558084
0.06696958585906998,7.49699736551731,1.7198092561578964,0.6263540246199711,-1.3245088954805297,-0.7739253449691914,-1.527352486479038,-9.265481144657997,-11.046284024563995,-4.721399381306228
0.06696958585906998,7.5141954580788894,1.6271544447113164,0.6131089356651659,-1.4349717357261698,-0.7891988698339818,-1.5745664802921002,-9.46339969383943,-10.635182906559361,-4.353027168412818
0.06696958585906998,7.530467002526002,1.5325204477729222,0.5987592183079042,-1.5413235647917634,-0.8049445346369029,-1.6180967519762284,-9.65378647133493,-10.213335406330934,-3.9778737226795577
0.06696958585906998,7.545792207003731,1.435982583059573,0.5833459826599866,-1.6434569188550727,-0.8211255021566651,-1.6578754892030239,-9.835202944501315,-9.782694755177936,-3.598595476526048
0.06696958585906998,7.560152032834327,1.3376305536145598,0.5669114134714359,-1.7412838664068522,-0.8377042570486953,-1.6938614439682844,-10.006268653707645,-9.345250856474982,-3.217942588655528
0.06696958585906998,7.573528338370473,1.2375678670774835,0.5494985748073674,-1.834736374971602,-0.8546428714883781,-1.7260408698548397,-10.165698168467861,-8.902986187651127,-2.838706998593937
0.06696958585906998,7.585904017041248,1.1359108853928048,0.5311512110576514,-1.9237662368481132,-0.8719032801869265,-1.7544279398407792,-10.312332611742114,-8.457832812820435,-2.4636696779093232
0.06696958585906998,7.597263125895176,1.0327875592753837,0.5119135486891703,-2.0083445649763174,-0.8894475595853343,-1.7790646366198724,-10.445164668665209,-8.011632627940221,-2.0955494800536916
0.06696958585906998,7.60759100148793,0.9283359125887316,0.4918301030394071,-2.0884608912557194,-0.907238205951533,-1.8000201314204092,-10.563356488298153,-7.5661025895542435,-1.7369557101015627
0.06696958585906998,7.616874360613817,0.82270234770575,0.47094549412684994,-2.164121917151262,-0.9252384072657371,-1.817389688521425,-10.666250369176213,-7.122806216358975,-1.3903461279929534
0.06696958585906998,7.625101384090875,0.7160398440139879,0.4493042749553373,-2.2353499793148517,-0.9434123041509513,-1.8312931498013545,-10.753372549791386,-6.6831321495885545,-1.0579916142335308
0.06696958585906998,7.632261782531015,0.6085061185160741,0.4269507751621888,-2.3021813008107372,-0.9617252356489648,-1.8418730659436897,-10.824430773436683,-6.248280061554832,-0.7419482170899182
0.06696958585906998,7.6383468437161754,0.5002618107817072,0.4039289621540815,-2.3646641014262855,-0.9801439663084017,-1.849292548114589,-10.879306546036721,-5.819253752267895,-0.44403681196880385
0.06696958585906998,7.643349461823992,0.39146874532133996,0.38028232113981864,-2.4228566389489643,-0.9986368917895476,-1.853732916234277,-10.91804315158753,-5.396860901458016,-0.16583017399344854
0.06696958585906998,7.6472641492772055,0.28228831380546465,0.35605375475032897,-2.4768252479635446,-1.0,0.0,-11.083286651668777,-5.010150669966887,0.07655032336748462
0.06696958585906998,7.65008703241526,0.17145544728877687,0.33128550227069353,-2.5269267546632137,-1.0,0.0007655032336748461,-11.087588979667247,-4.600410116286385,0.3131534526560336
0.06696958585906998,7.651801586888148,0.060579557492104405,0.3060162347240614,-2.5729308558260775,-0.9999923449676632,0.0038970377602351824,-11.077349170942384,-4.198904545491888,0.5263836212697779
0.06696958585906998,7.6524073824630685,-0.050193934217319436,0.28028692616580064,-2.6149199012809965,-0.9999533745900608,0.009160873972932962,-11.053081126511577,-3.8057204106603044,0.7156907044405845
0.06696958585906998,7.651905443120896,-0.1607247454824352,0.25413772715299066,-2.6529771053875995,-0.9998617658503315,0.016317781017338807,-11.015372947840115,-3.4208162399155357,0.8807492620169267
0.06696958585906998,7.650298195666071,-0.2708784749608364,0.22760795609911466,-2.687185267786755,-0.9996985880401581,0.025125273637508074,-10.964870049341394,-3.0440420777566373,1.0214438947929867
0.06696958585906998,7.647589410916463,-0.38052717545425035,0.20073610342124712,-2.7176256885643215,-0.999447335303783,0.035339712585437943,-10.902259658868667,-2.675158805810448,1.137853385592519
0.06696958585906998,7.64378413916192,-0.48954977204293704,0.1735598465356039,-2.744377276622426,-0.9990939381779287,0.04671824644136313,-10.828256926261837,-2.3138567103153127,1.2302343281705277
0.06696958585906998,7.638888641441491,-0.5978323413055554,0.14611607376937966,-2.767515843725579,-0.998626755713515,0.05902058972306841,-10.743592739866946,-1.9597728119209936,1.2990048094240678
0.06696958585906998,7.6329103180284354,-0.7052682687042249,0.11844091533212386,-2.787113571844789,-0.9980365498162843,0.07201063781730908,-10.649003254793348,-1.6125066131740495,1.3447285760056145
0.06696958585906998,7.625857635341394,-0.8117583012521583,0.09056977961367597,-2.8032386379765297,-0.9973164434381112,0.08545792357736523,-10.545221064290743,-1.2716340446231136,1.3680999929261493
0.06696958585906998,7.617740052328872,-0.9172105118950657,0.06253739323391068,-2.8159549784227607,-0.9964618642023375,0.09913892350662673,-10.432967895150835,-0.9367194986884071,1.369929993953167
0.06696958585906998,7.608567947209922,-1.021540190846574,0.034377843449683074,-2.8253221734096448,-0.9954704749672713,0.1128382234461584,-10.312948676604828,-0.607325930187502,1.351133133947408
0.06696958585906998,7.598352545301456,-1.1246696776126224,0.006124621715586625,-2.8313954327115196,-0.9943420927328097,0.12634955478563248,-10.18584681646997,-0.2830230740506122,1.31271578222737
0.06696958585906998,7.587105848525329,-1.226528145777322,-0.022189332611528573,-2.8342256634520258,-0.9930785971849534,0.13947671260790617,-10.052320514897929,0.03660611439651087,1.2557654427009057
0.06696958585906998,7.5748405670675565,-1.3270513509263013,-0.050531589246048836,-2.8338596023080607,-0.9916838300588743,0.15203436703491524,-9.912999951799227,0.35196065131245735,1.1814411490418042
0.06696958585906998,7.5615700535582935,-1.4261813504442935,-0.07887018526912945,-2.8303399957949362,-0.9901634863885251,0.16384877852533328,-9.768485196038311,0.6634181761159016,1.0909648592775378
0.06696958585906998,7.547308240053851,-1.5238662024046765,-0.10717358522707882,-2.823705814033777,-0.9885249986032718,0.17475842711810866,-9.619344700442904,0.9713328747352412,0.9856137612387812
0.06696958585906998,7.532069578029804,-1.6200596494091055,-0.1354106433674166,-2.8139924852864246,-0.9867774143320908,0.18461456473049648,-9.466114264657772,1.2760344786923619,0.8667133958595917
0.06696958585906998,7.515868981535713,-1.7147207920556833,-0.16355056822028086,-2.801232140499501,-0.9849312686847858,0.1932816986890924,-9.309296366461911,1.5778281444173903,0.7356315069311042
0.06696958585906998,7.498721773615157,-1.8078137557203025,-0.19156288962527587,-2.7854538590553273,-0.9829984516978948,0.20063801375840343,-9.149359780339758,1.8769950230495145,0.5937725314818051
0.06696958585906998,7.480643636057954,-1.8993073535237,-0.21941742821582916,-2.7666839088248323,-0.9809920715603108,0.20657573907322146,-8.986739419186442,2.1737933414728965,0.44257265267276136
0.06696958585906998,7.461650562522717,-1.9891747477155644,-0.24708426730407748,-2.7449459754101033,-0.9789263141695785,0.2110014655999491,-8.821836350664084,2.4684598295055307,0.2834953454693518
0.06696958585906998,7.441758815045561,-2.077393111222205,-0.2745337270581785,-2.720261377115048,-0.9768162995135791,0.2138364190546426,-8.655017953773037,2.7612113452361915,0.11802735321222386
0.06696958585906998,7.420984883933339,-2.1639432907599354,-0.301736340829329,-2.692649263662686,-0.9746779353230326,0.21501669258676484,-8.486618193696325,3.052246569885281,-0.05232496031413655
0.06696958585906998,7.39934545102574,-2.2488094726968986,-0.3286628334659559,-2.6621267979638334,-0.9725277683971649,0.21449344298362347,-8.31693800408101,3.341747664773436,-0.2260389342327874
0.06696958585906998,7.376857356298771,-2.3319788527377088,-0.3552841014455942,-2.6287093213160992,-0.9703828339673287,0.2122330536412956,-8.146245775878967,3.62988180564051,-0.4015786581398517
0.06696958585906998,7.353537567771394,-2.4134413104964985,-0.38157119465875516,-2.592410503259694,-0.9682605034309157,0.2082172670598971,-7.974777960968289,3.9168025333620236,-0.5773977930787456
0.06696958585906998,7.329403154666429,-2.4931890901061813,-0.4074952996913521,-2.553242477926074,-0.9661783307603168,0.20244328912910964,-7.80273980730878,4.2026508847993975,-0.7519422180235287
0.06696958585906998,7.304471263765367,-2.571216488179269,-0.4330277244706129,-2.51121596907808,-0.9641538978690257,0.19492386694887434,-7.6303062506272985,4.487556292848133,-0.9236525592047092
0.06696958585906998,7.278759098883574,-2.647519550685542,-0.4581398841613937,-2.4663404061495986,-0.962204659199537,0.18568734135682724,-7.457622995811525,4.771637270449518,-1.0909666668454585
0.06696958585906998,7.252283903376719,-2.722095780643657,-0.48280328822288965,-2.4186240334451035,-0.9603477857859687,0.17477767468837266,-7.28480782947896,5.055001919081532,-1.2523221126480608
0.06696958585906998,7.225062945570282,-2.794943858938447,-0.5069895285573407,-2.368074014254288,-0.9586000090390849,0.16225445356189205,-7.111952213656786,5.337748327609888,-1.406158791078168
0.06696958585906998,7.197113506980897,-2.8660633810750147,-0.5306702686998835,-2.314696530978189,-0.956977464503466,0.14819286565111037,-6.939123219124809,5.6199649517587895,-1.5509217173999985
0.06696958585906998,7.168452873170147,-2.9354546132662627,-0.5538172340096654,-2.258496881460601,-0.9554955358469549,0.1326836484771104,-6.766365865576662,5.90173108701608,-1.6850641246457803
0.06696958585906998,7.139098327037485,-3.0031182719220295,-0.5764022028242715,-2.1994795705904404,-0.9541686993621838,0.1158330072306526,-6.593705944036895,6.18311756737099,-1.807050969257488
0.06696958585906998,7.1090671443182645,-3.0690553313623985,-0.5983969985301759,-2.1376483949167304,-0.9530103692898774,0.09776249753807771,-6.421153404464801,6.464187837359269,-1.9153629599142572
0.06696958585906998,7.07837659100464,-3.1332668654070464,-0.6197734824793433,-2.073006516543138,-0.9520327443144966,0.07860886793893514,-6.248706397540173,6.744999553462732,-2.008501224891485
0.06696958585906998,7.04704392235057,-3.195753929382448,-0.6405035476447747,-2.0055565210085105,-0.9512466556351072,0.05852385569002029,-6.076356063444245,7.025606870458808,-2.084992729041121
0.06696958585906998,7.015086383056746,-3.2565174900168907,-0.6605591128548598,-1.9353004523039223,-0.9506614170782071,0.03767392839960908,-5.904092161029064,7.306063555760205,-2.143396541123775
0.06696958585906998,6.982521208156577,-3.3155584116271815,-0.679912117377899,-1.8622398167463203,-0.950284677794211,0.016239962988371326,-5.731909626952715,7.586427046482042,-2.182311035044258
4.803532906302362,6.949365624040305,-3.3728775078967086,-0.6985345155453623,-1.7863755462814999,-0.9501222781643273,-0.005583147362071255,-3.9684613395276376,8.005920468749846,-0.19500130195026286
4.803532906302362,6.915636848961338,-3.4125621212919848,-0.7163982710081773,-1.7063163415940015,-0.950178109637948,-0.007533160381573884,-3.7620429949516305,8.302247081622829,-0.1490591066213677
4.803532906302362,6.881511227748418,-3.450182551241501,-0.7334614344241174,-1.623293870777773,-0.9502534412417638,-0.00902375144778756,-3.554572614487202,8.599916714653505,-0.08077702776484763
4.803532906302362,6.847009402236003,-3.4857282773863734,-0.7496943731318951,-1.537294703631238,-0.9503436787562417,-0.009831521725436037,-3.345996769820448,8.89913522774833,0.010637258485868864
4.803532906302362,6.812152119462139,-3.5191882450845777,-0.7650673201682076,-1.4483033513537549,-0.950441993973496,-0.009725149140577349,-3.1362993199404543,9.200168393753648,0.12589445419746395
4.803532906302362,6.776960237011293,-3.5505512382839823,-0.7795503536817451,-1.3563016674162185,-0.9505392454649019,-0.008466204598602709,-2.9255122724726297,9.50335523988797,0.26561624190996164
4.803532906302362,6.741454724628453,-3.5798063610087087,-0.7931133703559072,-1.2612681150173388,-0.9506239075108879,-0.005810042179503093,-2.7137271978274478,9.80912120463086,0.4303279647161193
4.803532906302362,6.7056566610183665,-3.606943632986983,-0.8057260515060807,-1.1631769029710302,-0.9506820079326829,-0.0015067625323418998,-2.5011069589039376,10.117990139567011,0.6204515358504228
4.803532906302362,6.669587224688497,-3.6319547025760226,-0.817357820535791,-1.0619970015753601,-0.9506970755580063,0.004697752826162328,-2.2878974297198633,10.43059389576977,0.8362986734413168
4.803532906302362,6.633267677662737,-3.654833676873221,-0.8279777905515446,-0.9576910626176625,-0.9506500980297447,0.013060739560575498,-2.0744387631338883,10.747677909588779,1.0780644531281662
4.803532906302362,6.596719340894005,-3.6755780645045597,-0.8375547011777212,-0.8502142835217746,-0.9505194906341389,0.02384138409185716,-1.861175620000387,11.070100844614231,1.3458210123515635
4.803532906302362,6.559963560248959,-3.6941898207045636,-0.846056844012939,-0.7395132750756324,-0.9502810767932203,0.037299594215372794,-1.6486655734376745,11.398825958133116,1.6395110186280821
4.803532906302362,6.523021662041914,-3.71067647643894,-0.8534519767636953,-0.6255250154943012,-0.9499080808510666,0.053694704401653616,-1.43758462935086,11.734901448195679,1.9589402275898848
4.803532906302362,6.4859148972775245,-3.7250523227324486,-0.8597072269186383,-0.5081760010123444,-0.9493711338070501,0.07328410667755246,-1.2287284270882861,12.079426615795843,2.303768109269465
4.803532906302362,6.4486643740502,-3.7373396070033316,-0.8647889869287617,-0.387381734854386,-0.9486382927402746,0.09632178777024711,-1.0230071636481626,12.43350027476045,2.673495127273604
4.803532906302362,6.411290977980166,-3.747569678639813,-0.8686628042773056,-0.2630467321067815,-0.9476750748625721,0.12305673904298314,-0.8214315775417499,12.798147514777533,3.0674448437010895
4.803532906302362,6.373815281193768,-3.7557839944152307,-0.8712932715983734,-0.13506525695900615,-0.9464445074721423,0.15373118747999404,-0.6250863921918712,13.17422076730302,3.484738641516799
4.803532906302362,6.336257441249616,-3.7620348583371492,-0.8726439241679635,-0.0033230492859759597,-0.9449071955973423,0.18857857389516203,-0.43508642719593354,13.562271298215446,3.924260580983759
4.803532906302362,6.298637092666245,-3.7663857226091086,-0.8726771546608233,0.13229966369617852,-0.9430214098583907,0.22782117970499963,-0.2525091541516941,13.962387995982743,4.384609846450645
4.803532906302362,6.2609732354401535,-3.7689108141506256,-0.8713541580238615,0.27192354365600596,-0.9407431980613407,0.2716672781695061,-0.0782959028495077,14.374001977236189,4.864038539567016
4.803532906302362,6.223284127298648,-3.7696937731791205,-0.8686349225873015,0.41566356342836785,-0.9380265252796456,0.32030766356517626,0.08688753145648051,14.795658517357323,5.3603734092431665
4.803532906302362,6.185587189566856,-3.7688248978645555,-0.8644782869530178,0.5636201486019411,-0.9348234486439938,0.37391139765760795,0.2428409609636442,15.224762581284214,5.870921650908248
4.803532906302362,6.1478989405882105,-3.766396488254919,-0.8588420854669984,0.7158677744147832,-0.9310843346674177,0.43262061416669045,0.3900799662884616,15.657311097573498,6.392363260577224
4.803532906302362,6.110234975705661,-3.7624956885920344,-0.8516834077228506,0.8724408853905182,-0.9267581285257508,0.49654424677246267,0.5301519973339909,16.08763397818132,6.92063549728902
4.803532906302362,6.072610018819741,-3.7571941686186947,-0.8429589988689454,1.0333172251723315,-0.9217926860580261,0.5657506017453529,0.6660159097825543,16.50817574711282,7.450818309339204
4.803532906302362,6.035038077133555,-3.750534009520869,-0.8326258266172221,1.1983989826434596,-0.9161351800405726,0.6402587848387449,0.8024669915521216,16.909358097607722,7.977032049521481
4.803532906302362,5.997532737038346,-3.742509339605348,-0.8206418367907875,1.3674925636195367,-0.9097325921921852,0.7200291053339597,0.9465649716180053,17.27956661125846,8.492358733893852
4.803532906302362,5.960107643642293,-3.733043689889168,-0.8069669111545922,1.5402882297321214,-0.9025323011388455,0.8049526926728983,1.1079883655893539,17.6052968867833,8.988793523972953
4.803532906302362,5.922777206743401,-3.7219638062332745,-0.791564028857271,1.7163411985999544,-0.8944827742121165,0.8948406279126278,1.2991980994988803,17.871472090922836,9.45722305715797
4.803532906302362,5.885557568681068,-3.7089718252382857,-0.7744006168712714,1.8950559195091827,-0.8855343679329902,0.9894128584842075,1.5352563847004306,18.061906617581077,9.88741402827179
4.803532906302362,5.848467850428685,-3.6936192613912815,-0.7554500576761796,2.0756749856849934,-0.8756402393481482,1.0882869987669253,1.8331312273402425,18.159851488076235,10.267987309184825
4.803532906302362,5.811531657814772,-3.675287949117879,-0.7346933078193296,2.2572735005657556,-0.8647573693604789,1.1909668718587736,2.21034727422004,18.148542390502353,10.586364693463425
4.803532906302362,5.7747787783235935,-3.6531844763756784,-0.712120572813672,2.438758924470779,-0.8528477006418911,1.296830518793408,2.6829430787920274,18.011712188030604,10.82872280593302
4.803532906302362,5.738246933559837,-3.6263550455877582,-0.6877329835689643,2.618876046351085,-0.839879395453957,1.405117746852738,3.2628700479449084,17.734138357268947,10.980073942109861
4.803532906302362,5.7019833831039595,-3.5937263451083092,-0.6615442231054535,2.7962174299237743,-0.8258282179854296,1.5149184862738367,3.9551924068990916,17.30243233662052,11.0246865126025
4.803532906302362,5.666046119652877,-3.5541744210393182,-0.6335820488062157,2.9692417532899795,-0.8106790331226912,1.6251653513998616,4.755652291896607,16.706339878209327,10.947090440603647
4.803532906302362,5.6305043754424835,-3.506617898120352,-0.603889631273316,3.136305152072073,-0.7944273796086926,1.734636255805898,5.6492548127005975,15.940691493539946,10.73380789230525
4.803532906302362,5.59543819646128,-3.450125349993346,-0.5725265797525952,3.2957120670074724,-0.7770810170506336,1.8419743347289506,6.610423446604931,15.0077891298692,10.375682896633736
4.803532906302362,5.560936942961346,-3.384021115527297,-0.5395694590825205,3.4457899583061646,-0.7586612737033441,1.9457311636952879,7.6049585858948,13.919578998227173,9.870339549259073
4.803532906302362,5.527096731806073,-3.307971529668349,-0.5051115594994589,3.584985748288436,-0.7392039620663913,2.0444345591878785,8.59357694924614,12.698713266481235,9.224057687144736
4.803532906302362,5.49401701650939,-3.2220357601758876,-0.46926170201657447,3.7119728809532484,-0.7187596164745125,2.136675136059326,9.536370457130888,11.377771746014776,8.452388539136104
4.803532906302362,5.461796658907631,-3.126672055604579,-0.43214197320704195,3.8257505984133964,-0.6973928651139192,2.221199021450687,10.397268661694754,9.996488931924063,7.579175334491261
4.803532906302362,5.430529938351586,-3.0226993689876314,-0.393884467222908,3.925715487732637,-0.6751808748994124,2.2969907747955993,11.147619980812987,8.597537980783645,6.634149001827254
4.803532906302362,5.40030294466171,-2.9112231691795016,-0.35462731234558165,4.011690867540473,-0.6522109671514563,2.363332264813872,11.768303299315981,7.221901495924917,5.649697611111226
4.803532906302362,5.371190712969915,-2.793540136186342,-0.3145104036701769,4.083909882499722,-0.6285776445033175,2.419829240924984,12.250212426206723,5.904900562849715,4.657578563596114
4.803532906302362,5.3432553116080514,-2.6710380119242747,-0.27367130484517965,4.14295888812822,-0.6043793520940677,2.466405026560945,12.593352718602487,4.673607033690736,3.686227246944702
4.803532906302362,5.316544931488809,-2.54510448473825,-0.23224171596389745,4.189694958465127,-0.5797153018284582,2.503267299030392,12.805029185428527,3.545855141622377,2.7590242817177555
4.803532906302362,5.291093886641427,-2.4170541928839646,-0.1903447663792462,4.225153509881351,-0.5546826288381543,2.5308575418475696,12.897655964683135,2.530632760275944,1.893569411804491
4.803532906302362,5.266923344712588,-2.2880776332371333,-0.14809323128043267,4.250459837484111,-0.5293740534196787,2.5497932359656144,12.886623435662624,1.629396985471125,1.1017848668681118
4.803532906302362,5.244042568380216,-2.1592113988805073,-0.10558863290559156,4.266753807338822,-0.5038761210600226,2.5608110846342953,12.788499359136246,0.837824893869602,0.39057077964038456
4.803532906302362,5.222450454391411,-2.031326405289145,-0.06292109483220334,4.275132056277518,-0.4782680102136796,2.564716792430699,12.619682587996301,0.14760689030888383,-0.2372621500763691
4.803532906302362,5.20213719033852,-1.9051295794091818,-0.020169774269428162,4.276608125180607,-0.4526208422893726,2.5623441709299355,12.395510370192456,-0.4519659090981321,-0.7819973738484679
4.803532906302362,5.183085894544428,-1.7811744757072572,0.022596306982377905,4.272088466089626,-0.42699740058007324,2.554524197191451,12.129752492447535,-0.9727356487614911,-1.2460925349120302
4.803532906302362,5.165274149787355,-1.6598769507827817,0.06531719164327415,4.26236110960201,-0.40145215860815875,2.5420632718423306,11.83439924712609,-1.4267525730785318,-1.6334049444785368
4.803532906302362,5.148675380279527,-1.541532958311521,0.10794080273929427,4.248093583871225,-0.37603152588973543,2.5257292223975454,11.519651033241491,-1.825654642648489,-1.9485837934394563
4.803532906302362,5.1332600506964114,-1.426336447979106,0.1504217385780065,4.2298370374447405,-0.35077423366576,2.5062433844631506,11.194031990385776,-2.180291931583728,-2.1966208632279254
4.803532906302362,5.1189966862166205,-1.3143961280752483,0.1927201089524539,4.208034118128904,-0.32571179982112847,2.4842771758308713,10.864569021278859,-2.5005322447592646,-2.3825370333863223
4.803532906302362,5.105852724935868,-1.2057504378624597,0.23480045013374293,4.183028795681311,-0.30086902806281973,2.460451805497008,10.536995546544643,-2.795191511787311,-2.511177367824524
4.803532906302362,5.093795220557244,-1.1003804823970134,0.27663073809055605,4.155076880563438,-0.27626451000784963,2.435340031818763,10.215954029369302,-3.0720437183524045,-2.5870886821594965
4.803532906302362,5.082791415733274,-0.9982209421033204,0.31818150689619046,4.124356443379915,-0.251911109689662,2.4094691449971677,9.905182207994574,-3.337876627482559,-2.614457227879845
4.803532906302362,5.0728092063122405,-0.8991691200233746,0.3594250713299896,4.090977677105089,-0.22781641823969034,2.383324572718369,9.607675484413903,-3.598569529650206,-2.5970886285934576
4.803532906302362,5.063817515112007,-0.8030923651792355,0.4003348481010405,4.054991981808587,-0.20398317251250664,2.3573536864324347,9.325822765391969,-3.8591771670395554,-2.538416485372668
4.803532906302362,5.0557865914602145,-0.7098341375253159,0.44088476791912634,4.016400210138191,-0.1804096356481823,2.331969521578708,9.06151597990065,-4.12400986653866,-2.4415297004007592
4.803532906302362,5.048688250084961,-0.6192189777263094,0.4810487700205083,3.9751601114728046,-0.15708994043239521,2.3075542245747007,8.816235132282406,-4.396704119815675,-2.3092114338055665
4.803532906302362,5.042496060307698,-0.5310566264034854,0.5208003711352364,3.931193070274648,-0.1340143981866482,2.284462110236645,8.591111569667857,-4.6802807644556,-2.1439847489052757
4.803532906302362,5.037185494043664,-0.4451455107068068,0.5601123018379829,3.8843902626300917,-0.11116977708428175,2.2630222627475924,8.38697248257967,-4.977189912436714,-1.9481615225191693
4.803532906302362,5.032734038936596,-0.3612757858810101,0.5989562044642838,3.8346183635057245,-0.08853955445680582,2.243540647522401,8.204369743342932,-5.289343136309864,-1.7238922219216979
4.803532906302362,5.029121281077786,-0.2792320884475808,0.637302388099341,3.781724932142626,-0.06610414798158182,2.226301725303184,8.043596156708936,-5.618134377713245,-1.4732147942826115
4.803532906302362,5.02632896019331,-0.19879612688049142,0.6751196374207673,3.7255435883654933,-0.043841130728549976,2.211569577360358,7.904692128049078,-5.964451735265326,-1.1981012797179151
4.803532906302362,5.024340998924505,-0.11974920560000064,0.7123750733044223,3.66589907101284,-0.021725434954946395,2.1995885645631787,7.787445679913897,-6.328682807467285,-0.9005009327215708
4.803532906302362,5.0231435068685055,-0.04187474880086167,0.7490340640145507,3.602612242938167,0.00027045069068539276,2.190583555235963,7.691388670574472,-6.710716650236844,-0.5823786944625452
4.803532906302362,5.022724759380497,0.035039137904883055,0.7850601864439324,3.5355050764357987,0.022176286243045025,2.184759768291338,7.615791970911328,-7.109945659282305,-0.24574786717901573
4.803532906302362,5.023075150759547,0.11119705761399634,0.8204152372082903,3.464405619842976,0.04402388392595841,2.1823022896195474,7.559662209205503,-7.5252707787972195,0.10730413851400004
4.803532906302362,5.024187121335687,0.18679367970605137,0.8550592934067202,3.3891529120550037,0.06584690682215388,2.1833753310046875,7.521742463221156,-7.955113328777288,0.47459802999976003
4.803532906302362,5.026055058132747,0.2620111043382629,0.8889508225272702,3.309601778767231,0.08768066013220076,2.188121311304685,7.5005189350540835,-8.397436390613798,0.8538536918957552
4.803532906302362,5.02867516917613,0.33701629368880376,0.9220468403149426,3.225627414861093,0.1095618732452476,2.1966598482236424,7.494235167234617,-8.849778064110586,1.242690618078958
4.803532906302362,5.032045332113018,0.4119586453611499,0.9543031144635534,3.137129634219987,0.13152847172748403,2.209086754404432,7.500914747233606,-9.309298005261958,1.6386377984181852
4.803532906302362,5.036164918566629,0.48696779283348596,0.9856744108057534,3.0440366541673676,0.15361933927152835,2.225473132388614,7.518392723635664,-9.77283750829388,2.0391525629722493
4.803532906302362,5.041034596494964,0.5621517200698426,1.016114777347427,2.9463082790844286,0.1758740705954145,2.2458646580183363,7.544355167448618,-10.236992087834112,2.4416472301396754
4.803532906302362,5.046656113695663,0.6375952717443287,1.0455778601382713,2.8439383582060875,0.19833271717559786,2.270281130319733,7.576385524986339,-10.698194170732988,2.8435217399933848
4.803532906302362,5.053032066413106,0.7133591269941921,1.0740172437203321,2.7369564164987574,0.2210355284787952,2.298716347719667,7.6120157074438195,-11.152802276014777,3.242199864591862
4.803532906302362,5.060165657683048,0.7894792840686303,1.1013868078853197,2.6254283937386096,0.24402269195599188,2.3311383463655857,7.6487793318328405,-11.597192109424666,3.6351661626510663
4.803532906302362,5.068060450523735,0.8659670773869588,1.1276410918227058,2.509456472644363,0.26733407541964777,2.3674900079920964,7.684264241277002,-12.027844472272134,4.02000066501451
4.803532906302362,5.076720121297605,0.9428097197997288,1.1527356565491493,2.3891780279216417,0.2910089754995687,2.4076900146422413,7.716161436549484,-12.44142488374757,4.394408392272126
4.803532906302362,5.086148218495602,1.0199713341652237,1.1766274368283658,2.264763779084166,0.3150858756459911,2.4516340985649627,7.742307855652315,-12.834850375605171,4.756241231330315
4.803532906302362,5.096347931837254,1.0973944127217468,1.1992750746192073,2.136415275328114,0.33960221663164075,2.499196510878266,7.760721014542479,-13.205339994919962,5.1035104055375395
4.803532906302362,5.107321875964471,1.1750016228671716,1.2206392273724884,2.0043618753789145,0.3645941817404234,2.5502316149336415,7.769624303690731,-13.55044702867705,5.434388694993538
4.803532906302362,5.119071892193143,1.2526978659040788,1.2406828461262775,1.868857405092144,0.3900964978897598,2.604575501883577,7.767462629780341,-13.868072672836844,5.747202602273437
4.803532906302362,5.1315988708521845,1.3303724922018823,1.259371420177199,1.7301766783637755,0.4161422529085956,2.6620475279063114,7.752908995793945,-14.156462610837323,6.040415702204676
4.803532906302362,5.144902595774203,1.4079015821598218,1.2766731869608368,1.5886120522554024,0.4427627281876587,2.722451684928358,7.724863426265271,-14.414189548030986,6.312605353204037
4.803532906302362,5.158981611595801,1.4851502164224746,1.2925593074833908,1.4444701567750924,0.4699872450369423,2.7855777384603986,7.682446284814025,-14.640126004309481,6.562435689091887
4.803532906302362,5.173833113760026,1.5619746792706148,1.3070040090511417,1.2980688967319975,0.49784302242154627,2.8512020953513173,7.6249884405444766,-14.833412478254969,6.788630286479399
4.803532906302362,5.189452860552732,1.6382245636760595,1.3199846980184617,1.149734771949448,0.5263550433750595,2.919088398216111,7.552020888421312,-14.9934263958395,6.989948073822071
4.803532906302362,5.205835106189493,1.7137447725602726,1.3314820457379561,0.999800507991053,0.5555459273572205,2.988987878954332,7.46326631180991,-15.119757027188964,7.165165899631077
4.803532906302362,5.2229725539150955,1.7883774356783717,1.3414800508178666,0.8486029377191634,0.5854358061467638,3.060639537950643,7.3586347092019295,-15.212190819000798,7.313070715469681
4.803532906302362,5.240856328271879,1.861963782770391,1.3499660801950581,0.6964810295291555,0.6160422015262702,3.1337702451053397,7.238224623689319,-15.270710402434297,7.432463576987458
4.803532906302362,5.259475966099583,1.9343460290072843,1.3569308904903497,0.5437739255048125,0.6473799039773236,3.2080948808752145,7.102330757356601,-15.29550897796433,7.52217666097053
4.803532906302362,5.2788194263896555,2.0053693365808503,1.3623686297453979,0.3908188357251692,0.6794608527860757,3.28331664748492,6.951457879451372,-15.287019957960979,7.581103292841871
4.803532906302362,5.298873119755464,2.0748839153753638,1.3662768181026494,0.2379486361455594,0.712294019260925,3.3591276804133385,6.786340015955614,-15.245959803735435,7.608239653824285
4.803532906302362,5.3196219589092175,2.14274731553492,1.3686563044641051,0.08548903810820505,0.7458852960650584,3.435210076951581,6.60796302249209,-15.173380100280806,7.602735493567465
-0.4752788112591322,5.341049432064566,2.208826945759841,1.3695111948451872,-0.06624476289460302,0.7802373968345742,3.5112374318872557,5.005704704320929,-14.637324147982628,5.430085175001559
-0.4752788112591322,5.363137701522165,2.25888399280305,1.3688487472162412,-0.2126180043744293,0.8153497711534468,3.565538283637271,4.792736107429664,-14.514431292752263,5.334542048801531
-0.4752788112591322,5.385726541450195,2.3068113538773467,1.366722567172497,-0.35776231730195196,0.8510051539898195,3.6188837041252864,4.573494106438847,-14.369313391992877,5.207443403569059
-0.4752788112591322,5.408794654988968,2.3525462949417353,1.3631449439994774,-0.5014554512218807,0.8871939910310723,3.670958138160977,4.349925591957664,-14.204584140800653,5.049240409173995
-0.4752788112591322,5.432320117938386,2.396045550861312,1.3581303894872585,-0.6435012926298873,0.9239035724126821,3.721450542252717,4.124218863616584,-14.023283672189327,4.8607141425706315
-0.4752788112591322,5.456280573446999,2.437287739497478,1.3516953765609596,-0.7837341293517806,0.9611180778352092,3.770057683678423,3.898786132802707,-13.828857167033425,4.642974866116296
-0.4752788112591322,5.480653450841974,2.476275600825505,1.3438580352674419,-0.9220227010221148,0.9988186546719934,3.8164874323395863,3.6762362036117286,-13.625112232422103,4.39744436256622
-0.4752788112591322,5.505416206850229,2.5130379628616226,1.3346378082572208,-1.0582738233463358,1.0,0.0,4.694624630552593,-13.702156694188494,4.46834021850263
-0.4752788112591322,5.530546586478845,2.5599842091671485,1.3240550700237574,-1.1952953902882206,1.0,0.0446834021850263,4.491413062433077,-13.474286553603516,4.187496965186046
-0.4752788112591322,5.556146428570517,2.6048983397914793,1.3121021161208752,-1.3300382558242558,1.0,0.0,4.3282751596993965,-13.254222985854973,3.8910662941650944
-0.4752788112591322,5.582195411968431,2.6481810913884734,1.2988017335626327,-1.4625804856828055,1.0,0.03891066294165094,4.150967491766067,-13.034774966193991,3.5655448023278224
-0.4752788112591322,5.608677222882316,2.689690766306134,1.2841759287058048,-1.5929282353447454,1.0,0.0,4.017689643985225,-12.83149726338857,3.228328793147758
-0.4752788112591322,5.635574130545377,2.729867662745986,1.2682466463523574,-1.721243207978631,1.0,0.03228328793147758,3.880160362072446,-12.639978079491815,2.867504818371339
-0.4752788112591322,5.662872807172837,2.7686692663667105,1.251034214272571,-1.8476429887735493,1.0,0.0,3.789689649998971,-12.472505748101012,2.498649679811748
-0.4752788112591322,5.690559499836504,2.8065661628667002,1.2325577843848354,-1.9723680462545594,1.0,0.024986496798117482,3.705655238926784,-12.327131772825743,2.111704632173255
-0.4752788112591322,5.718625161465171,2.843622715255968,1.2128341039222899,-2.095639363982817,1.0,0.0,3.6706841242179165,-12.212702828953667,1.7197230183421848
-0.4752788112591322,5.747061388617731,2.8803295564981473,1.1918777102824616,-2.217766392272354,1.0,0.017197230183421848,3.6534272117597246,-12.12922056902252,1.3148213420024193
-0.4752788112591322,5.775864684182713,2.9168638286157447,1.169700046359738,-2.339058597962579,1.0,0.0,3.6862951350997175,-12.08229725731176,0.9069793870051596
-0.4752788112591322,5.80503332246887,2.953726779966742,1.1463094603801123,-2.4598815705356967,1.0,0.009069793870051596,3.748764327479826,-12.073124226066541,0.49094116204622856
-0.4752788112591322,5.834570590268537,2.9912144232415403,1.1217106446747553,-2.580612812796362,1.0,0.0,3.8616489857573275,-12.10457122863826,0.07320771588421653
-0.4752788112591322,5.864482734500953,3.0298309130991137,1.0959045165467918,-2.7016585250827445,1.0,0.0007320771588421653,4.016760435249828,-12.177852925175918,-0.34817642697120793
-0.4752788112591322,5.894781043631944,3.069998517451612,1.0688879312959643,-2.8234370543345038,1.0,0.0,4.221861146768452,-12.293698876945758,-0.7704858571209249
-0.4752788112591322,5.925481028806461,3.1122171289192964,1.0406535607526193,-2.9463740431039613,1.0,-0.007704858571209249,4.482533787819601,-12.451463713625975,-1.1913544497935185
-0.4752788112591322,5.956603200095654,3.1570424667974923,1.0111898203215797,-3.070888680240221,0.9999229514142879,-0.019618403069144433,4.800637851012801,-12.649188202048585,-1.6091207400713479
-0.4752788112591322,5.988173624763629,3.2050488453076205,0.9804809335191774,-3.1973805622607068,0.9997267673835964,-0.03570961046985791,5.178780010831891,-12.8829468514919,-2.021194127051738
-0.4752788112591322,6.020224113216705,3.256836645415939,0.9485071278965703,-3.3262100307756257,0.9993696712788979,-0.05592155174037529,5.618705102142716,-13.146193895920636,-2.424132726439991
-0.4752788112591322,6.052792479670865,3.3130236964373663,0.9152450275888141,-3.457671969734832,0.9988104557614941,-0.0801628790047752,6.120592515647872,-13.428871873484177,-2.8133279676076905
-0.4752788112591322,6.085922716635238,3.374229621593845,0.8806683078914658,-3.5919606884696735,0.9980088269714463,-0.1082961586808521,6.681956336374079,-13.716318906164542,-3.182668594602548
-0.4752788112591322,6.1196650128511765,3.4410491849575857,0.844748701006769,-3.729123877531319,0.9969258653846378,-0.14012284462687757,7.295986126312508,-13.988056457369991,-3.524248351785833
-0.4752788112591322,6.154075504700752,3.514009046220711,0.8074574622314559,-3.869004442105019,0.995524636938369,-0.1753653281447359,7.9491370823555325,-14.216690729215733,-3.828253276310219
-0.4752788112591322,6.189215595162959,3.5935004170442664,0.7687674178104057,-4.011171349397176,0.9937709836569216,-0.2136478609078381,8.617794189158447,-14.36742733742636,-4.083279508900888
-0.4752788112591322,6.225150599333402,3.679678358935851,0.7286557043164339,-4.15484562277144,0.9916345050478432,-0.254480655996847,9.263965709800036,-14.399099325012696,-4.277486444246976
-0.4752788112591322,6.26194738292276,3.772318016033851,0.6871072480887195,-4.298836616021567,0.9890896984878748,-0.29725552043931674,9.830331399617158,-14.268061992897652,-4.401123590753529
-0.4752788112591322,6.299670563083099,3.8706213300300227,0.6441188819285039,-4.441517235950544,0.9861171432834815,-0.34126675634685205,10.235750497472296,-13.936467423420352,-4.450894196174385
-0.4752788112591322,6.3383767763834,3.9729788350047457,0.5997037095689984,-4.580881910184747,0.9827044757200131,-0.3857756983085959,10.373640697484625,-13.38546936265348,-4.435935922732184
-0.4752788112591322,6.378106564733447,4.076715241979592,0.553894890467151,-4.714736603811282,0.9788467187369271,-0.43013505753591774,10.117237302149137,-12.630584316744892,-4.383382239549557
-0.4752788112591322,6.418873717153243,4.177887615001083,0.5067475244290381,-4.841042446978731,0.9745453681615679,-0.47396887993141334,9.336531402211397,-11.730313496062424,-4.338516044795332
-0.4752788112591322,6.460652593303254,4.271252929023197,0.4583370999592508,-4.958345581939356,0.9698056793622538,-0.5173540403793666,7.929448155132688,-10.773717087395815,-4.352465517464533
-0.4752788112591322,6.503365122593486,4.350547410574523,0.40875364413985726,-5.066082752813314,0.9646321389584601,-0.5608786955540119,5.862549477243469,-9.837765491946197,-4.454196999963834
-0.4752788112591322,6.5468705966992315,4.409172905346958,0.3580928166117241,-5.164460407732776,0.95902335200292,-0.6054206655536503,3.2061452180554086,-8.929599673564494,-4.617036035642779
-0.4752788112591322,6.5909623257527015,4.441234357527512,0.30644821253439636,-5.253756404468421,0.9529691453473835,-0.651591025910078,0.14349944217984492,-7.958641717858651,-4.745285203276296
-0.4752788112591322,6.635374669327977,4.442669351949311,0.2539106484897121,-5.333342821647007,0.9464532350882827,-0.699043877942841,-3.0576104855102066,-6.778493673561769,-4.702819311136853
-0.4752788112591322,6.67980136284747,4.412093247094209,0.20057722027324204,-5.401127758382625,0.9394627963088543,-0.7460720710542095,-6.103498248294044,-5.281996441948991,-4.374469686705379
-0.4752788112591322,6.7239222953184115,4.351058264611268,0.1465659426894158,-5.4539477228021145,0.9320020755983123,-0.7898167679212633,-8.740299687101956,-3.4787702182153746,-3.7204762061652676
-0.4752788112591322,6.7674328779645245,4.263655267740249,0.09202646546139466,-5.488735424984268,0.9241039079190997,-0.827021529982916,-10.802089972430716,-1.4987293326454203,-2.7892696339919905
-0.4752788112591322,6.810069430641927,4.155634368015941,0.03713911121155197,-5.503722718310723,0.9158336926192705,-0.8549142263228359,-12.227270613538918,0.46966791234031136,-1.6882145072745007
-0.4752788112591322,6.851625774322087,4.033361661880552,-0.017898115971555252,-5.49902603918732,0.9072845503560422,-0.8717963713955809,-13.04450006333993,2.254235922413466,-0.5387415577690078
-0.4752788112591322,6.891959390940892,3.902916661247153,-0.07288837636342846,-5.476483679963185,0.8985665866420863,-0.8771837869732709,-13.341123612075222,3.7444957299000974,0.558139945174954
-0.4752788112591322,6.930988557553364,3.7695054251264004,-0.1276532131630603,-5.4390387226641845,0.8897947487723536,-0.8716023875215214,-13.22958959737978,4.899269427887044,1.5363301371283644
-0.4752788112591322,6.968683611804628,3.6372095291526025,-0.18204360038970216,-5.390046028385314,0.8810787248971385,-0.8562390861502378,-12.82203994500114,5.7306418222541495,2.3632868990878215
-0.4752788112591322,7.005055707096154,3.508989129702591,-0.2359440606735553,-5.332739610162773,0.8725163340356361,-0.8326062171593596,-12.215951064777139,6.28146034400813,3.031271768376269
-0.4752788112591322,7.040145598393179,3.3868296190548195,-0.28927145677518307,-5.2699250067226915,0.8641902718640425,-0.8022934994755969,-11.488874010475518,6.606575187472956,3.54761661852463
-0.4752788112591322,7.074013894583728,3.271940878950064,-0.34197070684241,-5.203859254847962,0.8561673368692866,-0.7668173332903506,-10.698798458167698,6.760860671727165,3.927016837157996
-0.4752788112591322,7.106733303373229,3.1649528943683873,-0.3940092993908896,-5.13625064813069,0.8484991635363831,-0.7275471649187707,-9.887145806437436,6.7931736729180505,4.186468716398949
-0.4752788112591322,7.138382832316913,3.066081436304013,-0.4453718058721965,-5.0683189114015095,0.8412236918871954,-0.6856824777547812,-9.082480385196058,6.7442713953152245,4.3423966824043365
-0.4752788112591322,7.169043646679953,2.9752566324520524,-0.4960549949862116,-5.000876197448357,0.8343668671096476,-0.6422585109307378,-8.303970321029166,6.646916783529608,4.409269518412407
-0.4752788112591322,7.198796213004474,2.8922169292417608,-0.5460637569606952,-4.934407029613061,0.8279442820003402,-0.5981658157466138,-7.564233197867938,6.52697096628745,4.399107687270675
-0.4752788112591322,7.227718382296892,2.8165745972630813,-0.5954078272568258,-4.869137319950186,0.8219626238428741,-0.554174738873907,-6.871516757362775,6.404783445984526,4.321468863608094
-0.4752788112591322,7.255884128269523,2.7478594296894534,-0.6440992004563277,-4.80508948549034,0.8164208764541351,-0.5109600502378261,-6.231297280713233,6.296536768206196,4.183659834738388
-0.4752788112591322,7.283362722566418,2.685546456882321,-0.6921500953112312,-4.742124117808278,0.8113112759517568,-0.4691234518904422,-5.647414048535868,6.215402744404585,3.991035763459077
-0.4752788112591322,7.3102181871352405,2.6290723163969623,-0.739571336489314,-4.6799700903642325,0.8066200414328524,-0.4292130942558514,-5.122850702011708,6.172469260861952,3.7473185712391444
-0.4752788112591322,7.3365089102992105,2.577843809376845,-0.7863710373929562,-4.618245397755613,0.8023279104902938,-0.39173990854345997,-4.660251578899061,6.177440685728132,3.4549076672364656
-0.4752788112591322,7.362287348392979,2.5312412935878545,-0.8325534913705124,-4.556470990898332,0.7984105114048592,-0.3571908318710953,-4.262236190973184,6.239127821217143,3.115179446223639
-0.4752788112591322,7.3875997613288575,2.488618931678123,-0.8781182012794957,-4.494079712686161,0.7948386030861483,-0.3260390374088589,-3.93155313523949,6.365741267996735,2.72878441724601
-0.4752788112591322,7.412485950645639,2.449303400325728,-0.9230589984063573,-4.430422300006193,0.7915782127120597,-0.2987511932363988,-3.6710975896674163,6.564994133414982,2.295956885380982
-0.4752788112591322,7.4369789846488965,2.4125924244290538,-0.9673632214064193,-4.3647723586720435,0.7885907007796957,-0.275791624382589,-3.4838046415514685,6.844011783346824,1.8168538359341742
-0.4752788112591322,7.461104908893187,2.377754378013539,-1.0110109449931397,-4.296332240838575,0.7858327845358698,-0.25762308602324724,-3.3724244361700704,7.209041927107369,1.291937451349562
-0.4752788112591322,7.484882452673323,2.3440301336518385,-1.0539742674015256,-4.224241821567501,0.7832565536756373,-0.24470371150975162,-3.3391851963030996,7.664961588800465,0.7224088046372836
-0.4752788112591322,7.508322754009841,2.3106382816888074,-1.0962166856172006,-4.147592205679497,0.7808095165605398,-0.23747962346337878,-3.385357392696139,8.21459229067263,0.11068747748205461
-0.4752788112591322,7.531429136826729,2.276784707761846,-1.1376926076739957,-4.06544628277277,0.778434720325906,-0.23637274868855823,-3.510747184423623,8.857864085939294,-0.5390877684928673
-0.4752788112591322,7.5541969839043475,2.24167723591761,-1.1783470705017234,-3.976867641913377,0.7760709928390204,-0.24176362637348692,-3.713168762587547,9.59091323924984,-1.2205879242480089
-0.4752788112591322,7.576613756263524,2.2045455482917347,-1.2181157469208572,-3.8809585095208785,0.7736533565752854,-0.253969505615967,-3.987969920674523,10.405252145993014,-1.9249311256788113
-0.4752788112591322,7.598659211746441,2.1646658490849893,-1.256925332016066,-3.7769059880609483,0.7711136615191257,-0.2732188168727551,-4.32770610741296,11.287200168224311,-2.64052995012753
-0.4752788112591322,7.620305870237291,2.1213887880108597,-1.2946943918966756,-3.6640339863787053,0.7683814733503982,-0.2996241163740304,-4.722065396336071,12.217788780692187,-3.3532550886582833
-0.4752788112591322,7.6415197581174,2.074168134047499,-1.3313347317604627,-3.5418560985717833,0.7653852321866579,-0.33315666726061327,-5.158129724257751,13.173328650822082,-4.046996668118514
-0.4752788112591322,7.6622614394578745,2.022586836804922,-1.3667532927461805,-3.4101228120635625,0.7620536655140517,-0.3736266339417984,-5.6210103103877636,14.12673262150009,-4.7046421363486415
-0.4752788112591322,7.682487307825924,1.9663767337010443,-1.4008545208668162,-3.2688554858485617,0.7583173991746337,-0.4206730553052848,-6.094821388455384,15.049531755113383,-5.3093964874691935
-0.4752788112591322,7.702151075162934,1.9054285198164904,-1.4335430757253018,-3.118360168297428,0.7541106686215808,-0.47376702017997674,-6.563873417478505,15.91433776024085,-5.846270312633382
-0.4752788112591322,7.7212053603610995,1.8397897856417054,-1.4647266774082761,-2.9592167906950193,0.7493729984197811,-0.5322297233063106,-7.013901654188608,16.69735583151187,-6.303489508816973
-0.4752788112591322,7.7396032582175165,1.7696507690998193,-1.4943188453152263,-2.7922432323799007,0.744050701186718,-0.5952646183944803,-7.433124388837294,17.380499725367237,-6.67357046734368
-0.4752788112591322,7.757299765908515,1.6953195252114464,-1.5222412776390253,-2.618438235126228,0.7380980550027733,-0.6620003230679171,-7.812959248924072,17.952736624170047,-6.953868324545894
-0.4752788112591322,7.774252961160629,1.6171899327222057,-1.5484256599902875,-2.438910868884528,0.7314780517720941,-0.7315390063133761,-8.148306016272981,18.410471847285656,-7.146525174024784
-0.4752788112591322,7.790424860487851,1.5357068725594758,-1.5728147686791327,-2.2548061504116714,0.7241626617089604,-0.803004258053624,-8.437402524698813,18.757007237216424,-7.257878485210927
-0.4752788112591322,7.805781929213446,1.4513328473124876,-1.5953628301832494,-2.067236078039507,0.7161326191284242,-0.8755830429057332,-8.681343770669692,19.001294655659855,-7.2974926737689
-0.4752788112591322,7.820295257686571,1.3645194096057907,-1.6160351909636446,-1.8772231314829086,0.7073767886993668,-0.9485579696434222,-8.883400715796522,19.156304498679177,-7.27702152749555
-0.4752788112591322,7.833940451782629,1.2756854024478255,-1.6348074222784736,-1.6856600864961169,0.6978912090029326,-1.0213281849183777,-9.048279309000737,19.23732840400803,-7.209094834544923
-0.4752788112591322,7.8466973058071074,1.185202609357818,-1.6516640231434347,-1.4932868024560366,0.6876779271537488,-1.093419133263827,-9.181432243369649,19.260461906606107,-7.1063683646847515
-0.4752788112591322,7.858549331900686,1.0933882869241216,-1.6665968911679951,-1.3006821833899755,0.6767437358211105,-1.1644828169106745,-9.288493046798802,19.24140867946073,-6.980808654679104
-0.4752788112591322,7.869483214769927,1.0005033564561336,-1.6796037130018948,-1.1082680965953682,0.6650989076520037,-1.2342909034574654,-9.374859900058523,19.194649939266675,-6.843224269701042
-0.4752788112591322,7.879488248334488,0.9067547574555485,-1.6906863939678485,-0.9163215972027015,0.6527559986174291,-1.302723146154476,-9.44542451581558,19.132951511909834,-6.703014402585869
-0.4752788112591322,7.888555795909044,0.8123005122973926,-1.6998496099398754,-0.7249920820836031,0.6397287671558843,-1.3697532901803346,-9.504422360976049,19.067141887254643,-6.568085259383042
-0.4752788112591322,7.896678801032018,0.7172562886876321,-1.7070995307607115,-0.5343206632110566,0.626031234254081,-1.435434142774165,-9.555372839025422,19.006081983989468,-6.444880312736942
-0.4752788112591322,7.9038513639188945,0.6217025602973779,-1.7124427373928222,-0.344259843371162,0.6116768928263394,-1.4998829459015344,-9.601078221816874,18.956752020817163,-6.338475995434217
-0.4752788112591322,7.910068389521868,0.5256917780792092,-1.7158853358265338,-0.15469232316299036,0.5966780633673241,-1.5632677058558766,-9.643654537547716,18.924394082432862,-6.252704275428234
-0.4752788112591322,7.91532530730266,0.429255232703732,-1.7174322590581637,0.03455161766133827,0.5810453863087653,-1.625794748610159,-9.684573563660415,18.91266438594204,-6.190274052798903
-0.4752788112591322,7.919617859629697,0.33240949706712786,-1.7170867428815502,0.22367826152075868,0.5647874388226638,-1.687697489138148,-9.72470089250942,18.923763320541397,-6.152872438656978
-0.4752788112591322,7.922941954600368,0.23516248814203367,-1.7148499602663425,0.4129158947261726,0.5479104639312823,-1.7492262135247179,-9.764319982557389,18.958522610936722,-6.141234007569832
-0.4752788112591322,7.925293579481789,0.13751928831645976,-1.7107208013190809,0.6025011208355399,0.5304182017960352,-1.8106385536004161,-9.803136040231879,19.01643738363755,-6.155171154716207
-0.4752788112591322,7.926668772364954,0.03948792791414098,-1.7046957901107256,0.7926654946719154,0.512311816260031,-1.8721902651475781,-9.840256721958646,19.09563720052088,-6.193562254756892
-0.4752788112591322,7.927063651644095,-0.05891463930544548,-1.6967691351640064,0.9836218666771241,0.4935899136085552,-1.934125887695147,-9.874149418515438,19.19279534440186,-6.25429711961144
-6.6765690562010676,7.92647450525104,-0.15765613349059987,-1.686932916497235,1.1755498201211427,0.4742486547316037,-1.9966688588912613,-9.681309570904528,19.19591084752722,-8.371563929719072
-6.6765690562010676,7.924897943916134,-0.25446922919964515,-1.6751774182960237,1.3675089285964148,0.4542819661426911,-2.080384498188452,-9.706597847204673,19.314242315141904,-8.465923860164965
-6.6765690562010676,7.922353251624138,-0.3515352076716919,-1.6615023290100597,1.560651351747834,0.4334781211608066,-2.1650437367901016,-9.722836483006953,19.431630503943907,-8.569238267478703
-6.6765690562010676,7.9188378995474205,-0.4487635725017614,-1.6458958154925813,1.7549676567872732,0.4118276837929056,-2.2507361194648885,-9.725298465495197,19.53732526700289,-8.67438935361015
-6.6765690562010676,7.914350263822403,-0.5460165571567134,-1.6283461389247087,1.950340909457302,0.38932032259825666,-2.33748001300099,-9.708299574044696,19.618244495068907,-8.772650371760724
-6.6765690562010676,7.908890098250835,-0.6430995528971604,-1.6088427298301358,2.146523354407991,0.36594552246824674,-2.425206516718597,-9.665229638677243,19.658946882592478,-8.853613583014939
-6.6765690562010676,7.902459102721864,-0.7397518492839328,-1.5873774962860558,2.343112823233916,0.34169345730106077,-2.5137426525487463,-9.588694117568831,19.64182386781604,-8.9052357444074
-6.6765690562010676,7.895061584229025,-0.8356387904596211,-1.5639463680537167,2.539531061912076,0.3165560307755733,-2.6027950099928203,-9.470812866462872,19.547616959514198,-8.914066923324677
-6.6765690562010676,7.886705196324429,-0.9303469191242498,-1.538551057434596,2.7350072315072183,0.2905280806756451,-2.691935679226067,-9.303720164171619,19.356364664127998,-8.86573157834709
-6.6765690562010676,7.877401727133186,-1.023384120765966,-1.5112009851195238,2.928570878148498,0.26360872388338447,-2.780592995009538,-9.080293147939912,19.0488504089462,-8.745717442774977
-6.6765690562010676,7.867167885925527,-1.1141870522453652,-1.4819152763380388,3.11905938223796,0.2358027939332891,-2.8680501694372875,-8.795099080410115,18.608545569526846,-8.540488995946019
-6.6765690562010676,7.856026015403073,-1.2021380430494664,-1.4507246825156592,3.3051448379332284,0.2071222922389162,-2.953455059396748,-8.445493395988489,18.0239147892365,-8.238873247413084
-6.6765690562010676,7.8440046349725785,-1.2865929770093512,-1.417673234136327,3.4853839858255933,0.17758774164494873,-3.035843791870879,-8.032726913368593,17.290788802294685,-7.833571575188718
-6.6765690562010676,7.831138705202485,-1.366920246143037,-1.382819394278071,3.65829187384854,0.14722930372623994,-3.114179507622766,-7.562851088161128,16.414356323140208,-7.322554173765412
-6.6765690562010676,7.817469502741055,-1.4425487570246482,-1.3462364755395857,3.822435437079942,0.11608750865001227,-3.1874050493604202,-7.047175312694841,15.410250512592535,-6.7100313819163375
-6.6765690562010676,7.8030440151708085,-1.5130205101515966,-1.3080121211687863,3.9765379422058675,0.08421345815640807,-3.2545053631795837,-6.502062240145658,14.304278273737422,-6.006711704303828
-6.6765690562010676,7.787913810069292,-1.5780411325530532,-1.2682467417467276,4.1195807249432415,0.05166840452461224,-3.314572480222622,-5.9479615033157005,13.130592747287102,-5.229174345401692
-6.6765690562010676,7.772133398743762,-1.6375207475862101,-1.227050934497295,4.250886652416113,0.018522679722386012,-3.366864223676639,-5.4077601896992515,11.928491896305534,-4.398387148428526
-6.6765690562010676,7.7557581912678994,-1.6915983494832028,-1.184542067973134,4.370171571379168,-0.015145962514380377,-3.410848095160924,-4.9047138726555985,10.738409214046646,-3.537624185534072
-6.6765690562010676,7.738842207773067,-1.7406454882097588,-1.1408403522593422,4.4775556635196345,-0.04925444346598962,-3.446224337016265,-4.460342613460442,9.597890030709259,-2.6701939109328934
-6.6765690562010676,7.72143575289097,-1.7852489143443633,-1.0960647956241458,4.573534563826727,-0.08371668683615227,-3.472926276125594,-4.09268105530751,8.538320842548048,-1.8174153380487097
-6.6765690562010676,7.703583263747526,-1.8261757248974384,-1.0503294499858786,4.658917772252208,-0.11844594959740821,-3.4911004295060812,-3.8151599828093357,7.582918081218699,-0.9971721257112055
-6.6765690562010676,7.685321506498552,-1.8643273247255319,-1.0037402722633566,4.734746953064395,-0.15335695389246903,-3.5010721507631932,-3.6362183324588275,6.746108247785192,-0.2231878398008925
-6.6765690562010676,7.666678233251297,-1.90068950805012,-0.9563928027327127,4.802208035542247,-0.18836767540010096,-3.5033040291612023,-3.5595703606946327,6.034094273261171,0.4950208431110319
-6.6765690562010676,7.647671338170795,-1.9362852116570664,-0.9083707223772902,4.862548978274859,-0.223400715691713,-3.498353820730092,-3.5849374190451506,5.446205625259941,1.151681804308355
-6.6765690562010676,7.628308486054225,-1.9721345858475179,-0.8597452325945416,4.917011034527458,-0.2583842538990139,-3.486837002687009,-3.709016211667143,4.976592282163192,1.7440092854816303
-6.6765690562010676,7.60858714019575,-2.0092247479641894,-0.810575122249267,4.96677695734909,-0.293252623925884,-3.4693969098321924,-3.9264812116396772,4.615901429082567,2.2713418108792944
-6.6765690562010676,7.588494892716108,-2.0484895600805864,-0.760907352675776,5.012935971639916,-0.3279465930242059,-3.4466834917233995,-4.230878165683444,4.352704392054338,2.7343124655932782
-6.6765690562010676,7.568009997115302,-2.090798341737421,-0.7107779929593768,5.0564630155604595,-0.36241342794143994,-3.4193403670674667,-4.615329989452274,4.1745656137096185,3.134126235360004
-6.6765690562010676,7.547102013697928,-2.136951641631944,-0.6602133628037722,5.098208671697556,-0.39660683161211463,-3.3879991047138667,-5.0730280886856765,4.068736698780388,3.471969099185913
-6.6765690562010676,7.525732497281608,-2.1876819225188004,-0.6092312760867966,5.13889603868536,-0.4304868226592533,-3.3532794137220074,-5.597514749022332,4.022510715852149,3.748540941465381
-6.6765690562010676,7.5038556780564205,-2.2436570700090237,-0.557842315699943,5.179121145843881,-0.4640196167964734,-3.3157940043073535,-6.182776839849341,4.023292082631685,3.963687706925628
-6.6765690562010676,7.48141910735633,-2.305484838407517,-0.5060511042415042,5.219354066670198,-0.49717755683954695,-3.2761571272380974,-6.82317213138262,4.05843679044002,4.116103275463385
-6.6765690562010676,7.458364258972255,-2.3737165597213434,-0.4538575635748022,5.2599384345745985,-0.5299391281119279,-3.2349960944834635,-7.513201842125389,4.114906875609941,4.203074052672233
-6.6765690562010676,7.434627093375041,-2.4488485781425973,-0.40125817922905627,5.301087503330698,-0.5622890890567626,-3.1929653539567413,-8.247130408563628,4.178769770702415,4.220246444421684
-6.6765690562010676,7.410138607593615,-2.5313198822282335,-0.3482473041957493,5.342875201037722,-0.59421874259633,-3.1507628895125244,-9.018438484869657,4.234563110511133,4.161408204828391
-6.6765690562010676,7.3848254087713325,-2.62150426707693,-0.29481855218537206,5.385220832142833,-0.6257263714914553,-3.1091488074642406,-9.81907973736897,4.264543503821203,4.01828990135609
-6.6765690562010676,7.358610366100563,-2.7196950644506197,-0.24096634386394372,5.427866267181045,-0.6568178595660977,-3.0689659084506795,-10.638498293176013,4.24784927850977,3.780414931666575
-6.6765690562010676,7.331413415456057,-2.82608004738238,-0.18668768119213328,5.470344759966143,-0.6875075186506046,-3.031161759134014,-11.462355684006564,4.15964027507042,3.435059796873363
-6.6765690562010676,7.303152614982233,-2.9407036042224455,-0.13198423359247186,5.511941162716847,-0.7178191362419447,-2.9968111611652803,-12.27092164910544,3.9703441090966796,2.967436079972728
-6.6765690562010676,7.273745578940009,-3.0634128207135,-0.07686482196530338,5.551644603807814,-0.7477872478535975,-2.967136800365553,-13.037117087804607,3.645253079055138,2.361276883308881
-6.6765690562010676,7.243111450732874,-3.193783991591546,-0.021348375927225237,5.588097134598366,-0.7774586158572531,-2.9435240315324642,-13.724285544779114,3.144892924732608,1.6001035490893625
-6.6765690562010676,7.211173610816958,-3.331026847039337,0.03453259541875842,5.619546063845692,-0.8068938561725777,-2.9275229960415707,-14.283951509071358,2.4268212868618853,0.6695477792222869
-6.6765690562010676,7.177863342346565,-3.4738663621300505,0.09072805605721534,5.643814276714311,-0.8361690861329935,-2.920827518249348,-14.654149414366662,1.449754899424494,-0.43884293047828277
-6.6765690562010676,7.143124678725265,-3.620407856273717,0.14716619882435844,5.658311825708556,-0.8653773613154869,-2.925215947554131,-14.759412915320226,0.1809969688347336,-1.7220051633660063
-6.6765690562010676,7.106920600162527,-3.768001985426919,0.203749317081444,5.660121795396903,-0.8946295207910282,-2.942435999187791,-14.514154521400814,-1.392332796365281,-3.1581598131861397
-6.6765690562010676,7.069240580308258,-3.9131435306409275,0.26035053503541306,5.64619846743325,-0.9240538807829061,-2.9740175973196523,-13.831678228585494,-3.249344579702886,-4.69937878093723
-6.6765690562010676,7.030109145001849,-4.051460312926783,0.31681251970974555,5.613705021636221,-0.9537940567561026,-3.021011385129025,-12.640800345402447,-5.322901705141816,-6.267191520268077
-6.6765690562010676,6.989594541872581,-4.177868316380807,0.3729495699261078,5.560476004584803,-0.9840041706073929,-3.0836833003317055,-10.909967744786554,-7.496740389226037,-7.756412098973868
-6.6765690562010676,6.947815858708773,-4.286967993828672,0.4285543299719558,5.485508600692543,-1.0,0.0,-10.40800563243075,-10.79637761036447,-9.88773347889295
-6.6765690562010676,6.904946178770486,-4.39104805015298,0.4834094159788812,5.377544824588899,-1.0,-0.09887733478892949,-7.862090925254705,-12.885428483804167,-11.024080557629311
-6.6765690562010676,6.861035698268957,-4.469668959405527,0.5371848642247702,5.248690539750857,-1.0,0.0,-5.267219369517633,-14.7601207948627,-11.876327073634565
-6.6765690562010676,6.816339008674901,-4.522341153100704,0.5896717696222787,5.10108933180223,-1.0,-0.11876327073634566,-2.6057627155105725,-16.185457267945257,-12.314905334216084
-6.6765690562010676,6.771115597143894,-4.548398780255809,0.6406826629403011,4.939234759122778,-1.0,0.0,-0.4208847525334136,-17.425416316183025,-12.560469060646275
-6.6765690562010676,6.725631609341336,-4.552607627781144,0.6900750105315289,4.764980595960948,-1.0,-0.12560469060646276,1.4555934260590278,-18.256596975122015,-12.499982286652175
-6.6765690562010676,6.680105533063525,-4.538051693520553,0.7377248164911383,4.582414626209728,-1.0,0.0,2.5894043613590325,-18.989703205328706,-12.388619914445306
-6.6765690562010676,6.6347250161283196,-4.512157649906963,0.7835489627532356,4.39251759415644,-1.0,-0.12388619914445306,3.363997247866029,-19.346278328826152,-12.05875686744349
-6.6765690562010676,6.58960343962925,-4.478517677428303,0.8274741386948,4.199054810868179,-1.0,0.0,3.500248983325705,-19.58605860541241,-11.717849295410446
-6.6765690562010676,6.5448182628549665,-4.443515187595046,0.8694646868034818,4.003194224814055,-1.0,-0.11717849295410446,3.4638121748053172,-19.475660479152918,-11.192386424764507
-6.6765690562010676,6.500383110979016,-4.408877065846992,0.9094966290516223,3.808437620022526,-1.0,0.0,3.035954472901452,-19.25340463814574,-10.659937253118471
-6.6765690562010676,6.456294340320547,-4.378517521117978,0.9475810052518476,3.6159035736410683,-1.0,-0.10659937253118472,2.6273511137251213,-18.78578897657334,-9.987422669669359
-6.6765690562010676,6.412509165109367,-4.352244009980726,0.9837400409882583,3.428045683875335,-1.0,0.0,2.0235379605402466,-18.271871382593527,-9.324661481025089
-6.6765690562010676,6.3689867250095595,-4.332008630375324,1.0180204978270115,3.2453269700494,-1.0,-0.09324661481025089,1.5384831226693592,-17.64163930074432,-8.57467998216989
-6.6765690562010676,6.3256666387058065,-4.31662379914863,1.0504737675275055,3.0689105770419567,-1.0,0.0,0.9662713307797687,-17.03069961485217,-7.8516537454142075
-6.6765690562010676,6.28250040071432,-4.3069610858408325,1.081162873297925,2.898603580893435,-1.0,-0.07851653745414208,0.5370045524789759,-16.397455946107485,-7.082046198283847
-6.6765690562010676,6.239430789855912,-4.301591040316043,1.1101489091068595,2.7346290214323603,-1.0,0.0,0.07060250108390946,-15.819582014548484,-6.346686630736954
-6.6765690562010676,6.196414879452751,-4.300885015305204,1.137495199321183,2.5764332012868754,-1.0,-0.06346686630736954,-0.2653408961430553,-15.27019329890706,-5.589207144259312
-6.6765690562010676,6.153406029299699,-4.303538424266635,1.1632595313340517,2.423731268297805,-1.0,0.0,-0.6161630154237278,-14.78712492092018,-4.86488990931042
-6.6765690562010676,6.110370645057032,-4.309700054420872,1.1874968440170297,2.2758600190886034,-1.0,-0.0486488990931042,-0.8611878515691449,-14.353502073406766,-4.131755544219944
-6.6765690562010676,6.067273644512824,-4.318311932936563,1.2102554442079156,2.1323249983545356,-1.0,0.0,-1.1100218132636952,-13.983434203462968,-3.4268182564077327
-6.6765690562010676,6.024090525183458,-4.3294121510692,1.231578694191461,1.9924906563199059,-1.0,-0.03426818256407733,-1.2791266859663728,-13.667090626177565,-2.720629725780647
-6.6765690562010676,5.980796403672766,-4.342203417928864,1.25150360075466,1.8558197500581302,-1.0,0.0,-1.4450088376769556,-13.405806526305605,-2.037073276685705
-6.6765690562010676,5.937374369493478,-4.356653506305634,1.2700617982552413,1.721761684795074,-1.0,-0.02037073276685705,-1.5550315879653158,-13.193937817749761,-1.3576203782281313
-6.6765690562010676,5.893807834430421,-4.372203822185288,1.287279415103192,1.5898223066175765,-1.0,0.0,-1.656236546233902,-13.026945293252169,-0.6963374872264105
-6.6765690562010676,5.850085796208568,-4.388766187647627,1.3031776381693678,1.4595528536850548,-1.0,-0.006963374872264105,-1.7225161036705008,-12.900684343584684,-0.044154554775623765
-6.6765690562010676,5.806198134332092,-4.405991348684331,1.3177731667062185,1.330546010249208,-1.0,0.0,-1.7750895456223974,-12.809128717738554,0.5925620230372243
-6.6765690562010676,5.762138220845249,-4.423742244140556,1.3310786268087105,1.2024547230718223,-1.0,0.0059256202303722425,-1.8108583614271907,-12.747379381463512,1.2147951157871046
-6.6765690562010676,5.717900798403844,-4.441850827754828,1.3431031740394288,1.0749809292571872,-0.9999407437976963,0.01807357138824329,-1.8356867926052678,-12.709775860618672,1.8203805572166896
-6.6765690562010676,5.673482290126295,-4.4602076956808805,1.3538529833320008,0.9478831706510005,-0.9997600080838138,0.03627737696041018,-1.8521342838680621,-12.691008417256702,2.4079222518326886
-6.6765690562010676,5.628880213169486,-4.478729038519561,1.3633318150385108,0.8209730864784335,-0.9993972343142097,0.06035659947873707,-1.862527789718063,-12.685973259978665,2.9758890647129923
-6.6765690562010676,5.584092922784291,-4.497354316416742,1.3715415459032951,0.6941133538786468,-0.9987936683194223,0.09011549012586699,-1.8689487296471965,-12.689871449825425,3.5227013016170354
-6.6765690562010676,5.539119379620123,-4.516043803713214,1.3784826794420817,0.5672146393803925,-0.9978925134181637,0.12534250314203735,-1.873214668350074,-12.698312949056469,4.046824283124567
-6.6765690562010676,5.493958941582991,-4.534775950396715,1.3841548258358856,0.44023150988982784,-0.9966390883867433,0.16581074597328302,-1.8768585288151052,-12.70742065573327,4.546862340557358
-6.6765690562010676,5.448611182079024,-4.553544535684866,1.3885571409347839,0.31315730333249514,-0.9949809809270105,0.2112793693788566,-1.8811087210269566,-12.713927046416032,5.021646099646521
-6.6765690562010676,5.403075736722176,-4.572355622895135,1.391688713968109,0.18601803286833482,-0.9928681872332219,0.2614958303753218,-1.8868736108748694,-12.715255112971956,5.470306042657298
-6.6765690562010676,5.3573521804932245,-4.591224359003884,1.3935488942967922,0.05886548173861525,-0.9902532289294687,0.3161988908018948,-1.8947332787032398,-12.709575738329903,5.892326220683093
-6.6765690562010676,5.311439936903185,-4.610171691790916,1.3941375491141783,-0.06823027564468379,-0.9870912400214497,0.3751221530087257,-1.9049405994414503,-12.695835439786594,6.2875736384373
-6.6765690562010676,5.265338219985276,-4.629221097785331,1.3934552463577314,-0.19518863004254972,-0.9833400184913624,0.4379978893930987,-1.9174324585465206,-12.67375123134386,6.656301096461642
-6.6765690562010676,5.219046009007423,-4.648395422370797,1.391503360057306,-0.3219261423559883,-0.9789600395974315,0.5045609003577152,-1.931850593654451,-12.643772746199733,6.999123848277049
-6.6765690562010676,5.172562054783715,-4.667713928307341,1.388284098633746,-0.44836386981798565,-0.9739144305938543,0.5745521388404856,-1.9475703305622551,-12.607015145850404,7.316972931799971
-6.6765690562010676,5.125884915500641,-4.687189631612964,1.383800459935566,-0.5744340212764897,-0.9681689092054494,0.6477218681584853,-1.9637345467489449,-12.565169174175438,7.611030092964673
-6.6765690562010676,5.0790130191845115,-4.706826977080453,1.3780561197228012,-0.7000857130182441,-0.9616916905238645,0.7238321690881321,-1.979289665104292,-12.520396582283524,7.8826505548026695
-6.6765690562010676,5.031944749413707,-4.726619873731496,1.3710552625926187,-0.8252896788410793,-0.9544533688329832,0.8026586746361588,-1.993020390553874,-12.475219855957326,8.133280365296768
-6.6765690562010676,4.984678550676392,-4.7465500776370355,1.3628023658042079,-0.9500418774006525,-0.9464267820866216,0.8839914782891265,-2.003580207581107,-12.43241475653726,8.364374712588564
-6.6765690562010676,4.937213049900022,-4.766585879712847,1.3533019470302015,-1.0743660249660252,-0.9375868673037303,0.9676352254150121,-2.0095152523345314,-12.39491286272957,8.577322592582158
-6.6765690562010676,4.889547191102893,-4.786681032236192,1.3425582867805412,-1.198315153593321,-0.9279105150495802,1.0534084513408337,-2.0092799262322067,-12.365719411738805,8.773381798884303
-6.6765690562010676,4.841680380780531,-4.806773831498514,1.330575135244608,-1.321972347710709,-0.9173764305361719,1.1411422693296767,-2.001243400006913,-12.34784964326029,8.9536266443297
-6.6765690562010676,4.793612642465546,-4.826786265498583,1.317355411767501,-1.445450844143312,-0.9059650078428751,1.2306785357729737,-1.983686867693362,-12.344284858504004,9.118909348869416
-6.6765690562010676,4.74534477981056,-4.846623134175517,1.302900903326068,-1.568893692728352,-0.8936582224851454,1.3218676292616678,-1.9547919900848754,-12.357947732104437,9.269834805293408
-6.6765690562010676,4.696878548468805,-4.866171054076366,1.2872119663987844,-1.6924731700493965,-0.8804395461925287,1.4145659773146018,-1.912621400472275,-12.391695161541772,9.406747549912287
