f (N),th1 (rad),w1 (rad/s),th2 (rad),w2 (rad/s),x (m),vx (m/s),a1 (rad/s^2),a2 (rad/s^2),ax (m/s^2)
8.615310207844963,0.8122461661283122,2.7464916509497987,1.507731558917863,-0.29216780894575245,0.0,0.0,-1.2321997224755274,-15.654724980094855,-3.260301554871076
8.615310207844963,0.8397110826378102,2.7341696537250435,1.5048098808284056,-0.44871505874670103,0.0,-0.032603015548710756,-1.4239135677713435,-15.789763172932199,-3.4830681980968357
8.615310207844963,0.8670527791750606,2.71993051804733,1.5003227302409385,-0.6066126904760231,-0.00032603015548710756,-0.06743369752967912,-1.6053768144526788,-15.944419585078915,-3.7114792433571853
8.615310207844963,0.8942520843555339,2.703876749902803,1.4942566033361784,-0.7660568863268122,-0.0010003671307838987,-0.10454848996325097,-1.7781364735217273,-16.117197305488666,-3.944015580725105
8.615310207844963,0.9212908518545619,2.6860953851675857,1.4865960344729103,-0.9272288593816989,-0.0020458520304164085,-0.14398864577050202,-1.9442111051712605,-16.305922375110065,-4.178734063245954
8.615310207844963,0.9481518057062378,2.6666532741158733,1.4773237458790933,-1.0902880831327995,-0.0034857384881214286,-0.18577598640296156,-2.1062078297055424,-16.507650983428217,-4.413163458470865
8.615310207844963,0.9748183384473965,2.6455911958188176,1.4664208650477653,-1.2553645929670816,-0.005343498352151045,-0.2299076209876702,-2.267445798002866,-16.718575259129498,-4.644191079251119
8.615310207844963,1.0012742504055847,2.6229167378387888,1.4538672191180944,-1.4225503455583766,-0.0076425745620277465,-0.2763495317801814,-2.4320773466630774,-16.93393289630558,-4.867943816795787
8.615310207844963,1.0275034177839726,2.598595964372158,1.4396417156625105,-1.5918896745214324,-0.01040606987982956,-0.3250289699481393,-2.6051928676097003,-17.147927506186956,-5.0796693999327385
8.615310207844963,1.053489377427694,2.572544035696061,1.4237228189172961,-1.763368949583302,-0.013656359579310953,-0.3758256639474667,-2.7928891186749607,-17.353668222050175,-5.273626364097612
8.615310207844963,1.0792148177846548,2.5446151445093115,1.406089129421463,-1.9369056318038038,-0.01741461621878562,-0.4285619275884428,-3.002273852820396,-17.54313865148436,-5.442994472069503
8.615310207844963,1.104660969229748,2.5145924059811073,1.386720073103425,-2.112337018318647,-0.021700235494670046,-0.4829918723091378,-3.2413734423963745,-17.70720682509399,-5.579821193816605
8.615310207844963,1.129806893289559,2.4821786715571434,1.3655967029202385,-2.289409086569587,-0.026530154217761424,-0.5387900842473039,-3.5189066202585533,-17.835689578861906,-5.675024252322978
8.615310207844963,1.1546286800051304,2.446989605354558,1.3427026120545427,-2.4677659823582063,-0.031918055060234464,-0.5955403267705337,-3.843889371396718,-17.917487227108637,-5.718474902541321
8.615310207844963,1.179098576058676,2.408550711640591,1.3180249522309606,-2.6469408546292925,-0.0378734583279398,-0.652725075795947,-4.225046704087539,-17.940807727035736,-5.6991908215070906
8.615310207844963,1.203184083175082,2.3663002445997154,1.2915555436846677,-2.8263489318996498,-0.04440070908589927,-0.7097169840110179,-4.670029476070613,-17.8935033984566,-5.6056697459345735
8.615310207844963,1.2268470856210791,2.3195999498390094,1.2632920543656712,-3.0052839658842156,-0.05149787892600945,-0.7657736814703636,-5.184469821204377,-17.76354567807066,-5.426392646601287
8.615310207844963,1.2500430851194693,2.2677552516269657,1.233239214706829,-3.1829194226649222,-0.05915561574071308,-0.8200376079363765,-5.770954557600721,-17.5396601388611,-5.150514452566213
8.615310207844963,1.272720637635739,2.2100457060509586,1.2014100204801796,-3.3583160240535332,-0.06735599182007684,-0.8715427524620386,-6.428044602059997,-17.21212897373,-4.768736984485433
8.615310207844963,1.2948210946962486,2.1457652600303585,1.1678268602396442,-3.5304373137908334,-0.07607141934469723,-0.9192301223068929,-7.14950679306671,-16.77373567486263,-4.274320521943246
8.615310207844963,1.3162787472965523,2.0742701920996915,1.1325224871017359,-3.69817467053946,-0.08526372056776615,-0.9619733275263254,-7.923936422975207,-16.22077607232957,-3.6641401267404485
8.615310207844963,1.3370214492175492,1.9950308278699396,1.0955407403963413,-3.8603824312627557,-0.0948834538430294,-0.9986147287937298,-8.734920063991074,-15.554000476603115,-2.9396412675261616
8.615310207844963,1.3569717574962485,1.9076816272300288,1.0569369160837137,-4.015922436028787,-0.1048696011309667,-1.0280111414689914,-9.561813900100294,-14.779304118411112,-2.1075150381939367
8.615310207844963,1.3760485737685488,1.8120634882290259,1.0167776917234257,-4.163715477212898,-0.11514971254565662,-1.0490862918509307,-10.381102619555312,-13.907974011018359,-1.1799172427430722
8.615310207844963,1.394169208650839,1.7082524620334727,0.9751405369512967,-4.302795217323082,-0.12564057546416593,-1.0608854642783614,-11.168183534712595,-12.95634951739247,-0.1741108651232445
8.615310207844963,1.4112517332711738,1.5965706266863466,0.9321125847780658,-4.432358712497007,-0.13624943010694954,-1.0626265729295938,-11.899324532835978,-11.944860179445028,0.8884869441092919
8.615310207844963,1.4272174395380373,1.4775773813579869,0.8877889976530957,-4.551807314291457,-0.1468756958362455,-1.0537417034885008,-12.553503558826478,-10.89654023906786,1.98374996865258
8.615310207844963,1.4419932133516171,1.3520423457697222,0.8422709245101812,-4.6607727166821356,-0.1574131128711305,-1.033904203801975,-13.113865569462508,-9.835239892775666,3.086571979445162
8.615310207844963,1.4555136368093144,1.2209036900750971,0.7956631973433598,-4.759125115609892,-0.16775215490915024,-1.0030384840075235,-13.568620893448173,-8.783816810355686,4.172618526508072
8.615310207844963,1.4677226737100655,1.0852174811406154,0.7480719461872608,-4.846963283713449,-0.17778253974922548,-0.9613122987424427,-13.911327955244637,-7.762578675138986,5.219853555819773
8.615310207844963,1.4785748485214716,0.9461042015881691,0.6996023133501263,-4.9245890704648385,-0.1873956627366499,-0.909113763184245,-14.140617741977325,-6.788169338733103,6.209662591990669
8.615310207844963,1.4880358905373532,0.8046980241683959,0.650356422645478,-4.99247076385217,-0.19648680036849234,-0.8470171372643382,-14.259498699365617,-5.872980187791693,7.127492475644956
8.615310207844963,1.4960828707790372,0.6621030371747397,0.6004317150069562,-5.0512005657300865,-0.20495697174113572,-0.7757422125078887,-14.27441621389666,-5.025061703810343,7.963022869038514
8.615310207844963,1.5027039011507846,0.5193588750357732,0.5499197093496554,-5.10145118276819,-0.2127143938662146,-0.6961119838175035,-14.194233993477013,-4.2484346483933715,8.709953901338102
8.615310207844963,1.5078974899011424,0.37741653510100304,0.4989051975219735,-5.143935529252124,-0.21967551370438965,-0.6090124448041225,-14.029269441187958,-3.5436655205027883,9.365528456618122
8.615310207844963,1.5116716552521523,0.23712384068912346,0.44746584222945224,-5.179372184457152,-0.22576563815243086,-0.5153571602379413,-13.790468201155491,-2.908571962939427,9.929910170421998
8.615310207844963,1.5140428936590435,0.09921915867756853,0.3956721203848807,-5.208457904086546,-0.23091920975481028,-0.41605805853372135,-13.488758001082482,-2.3389479789530743,10.405519520938869
8.615310207844963,1.5150350852458192,-0.03566842133325629,0.34358754134401526,-5.231847383876077,-0.2350797903401475,-0.3120028633243327,-13.134586642758011,-1.8292326058730575,10.796401993931248
8.615310207844963,1.5146784010324867,-0.1670142877608364,0.2912690675052545,-5.250139709934808,-0.23819981897339082,-0.2040388433850202,-12.737626061814904,-1.373078814557619,11.107673237156007
8.615310207844963,1.5130082581548783,-0.2943905483789855,0.2387676704059064,-5.263870498080384,-0.24024020740724103,-0.09296211101346014,-12.306612708827206,-0.9638061280836898,11.345061773439674
8.615310207844963,1.5100643526710884,-0.41745667546725757,0.18612896542510257,-5.273508559361221,-0.24116982851737562,0.020488506720936606,-11.849291281661511,-0.5947389116971895,11.514552279580995
8.615310207844963,1.5058897859164158,-0.5359495882838727,0.13339387983149037,-5.279455948478192,-0.24096494345016625,0.13563402951674655,-11.372430952740867,-0.2594430737642656,11.62212151003927
8.615310207844963,1.500530290033577,-0.6496738978112814,0.08059932034670844,-5.2820503792158355,-0.2396086031549988,0.25185524461713926,-10.881888068157915,0.04812123583975159,11.673553382426903
8.615310207844963,1.4940335510554643,-0.7584927784928606,0.027778816554550084,-5.281569166857438,-0.2370900507088274,0.3685907784414083,-10.382695000509479,0.33351249281305234,11.674317965369669
8.615310207844963,1.4864486232705356,-0.8623197284979554,-0.025036875114024297,-5.2782340419293075,-0.23340414292441333,0.485333958095105,-9.879160298202303,0.6017692664459254,11.629499680275686
8.615310207844963,1.477825425985556,-0.9611113314799784,-0.07781921553331737,-5.272216349264848,-0.22855080334346228,0.6016289548978618,-9.374969938070674,0.8574058895071334,11.543761837846795
8.615310207844963,1.4682143126707563,-1.0548610308606852,-0.13054137902596585,-5.263642290369777,-0.22253451379448366,0.7170665732763297,-8.873283175233931,1.1044307906546422,11.421336919574548
8.615310207844963,1.4576657023621495,-1.1435938626130244,-0.18317780192966363,-5.2525979824632305,-0.21536384806172038,0.8312799424720752,-8.376819227639283,1.346378648564044,11.266034320795313
8.615310207844963,1.4462297637360193,-1.2273620548894173,-0.23570378175429593,-5.23913419597759,-0.20705104863699964,0.9439402856800283,-7.88793296753923,1.5863498483552263,11.081259348153713
8.615310207844963,1.433956143187125,-1.3062413845648095,-0.2880951237140718,-5.223270697494037,-0.19761164578019935,1.0547528791615655,-7.408679084840888,1.8270525990630935,10.87003900633451
8.615310207844963,1.420893729341477,-1.3803281754132184,-0.3403278306890122,-5.205000171503406,-0.1870641169885837,1.1634532692249107,-6.940864998315371,2.0708445233567314,10.635051497871748
8.615310207844963,1.4070904475873447,-1.449736825396372,-0.3923778324040462,-5.184291726269839,-0.1754295842963346,1.269803784203628,-6.486093257427434,2.319771614540907,10.378657422260956
8.615310207844963,1.392593079333381,-1.5145977579706464,-0.44422074966674463,-5.16109401012443,-0.16273154645429833,1.3735903584262377,-6.04579440948623,2.57560324114667,10.102931442736034
8.615310207844963,1.3774471017536745,-1.5750557020655087,-0.4958316897679889,-5.135337977712963,-0.14899564287003594,1.474619672853598,-5.621251386948167,2.839862434778416,9.809693741892948
8.615310207844963,1.3616965447330194,-1.6312682159349903,-0.5471850695451186,-5.106939353365179,-0.13424944614149997,1.5727166102725276,-5.2136164587226075,3.113851082836909,9.500540958641862
8.615310207844963,1.3453838625736694,-1.6834043805222163,-0.5982544630787704,-5.075800842536809,-0.1185222800387747,1.6677220198589462,-4.823921730310886,3.398669914411057,9.176876529895265
8.615310207844963,1.3285498187684472,-1.731643597825325,-0.6490124715041385,-5.041814143392699,-0.10184505984018524,1.759490785157899,-4.453084100272918,3.6952333548838205,8.839940484546043
8.615310207844963,1.311233382790194,-1.7761744388280543,-0.6994306129380655,-5.00486180984386,-0.08425015198860625,1.8478901900033593,-4.101905504722241,4.004279463330708,8.490838781142587
8.615310207844963,1.2934716384019136,-1.8171934938752767,-0.7494792310365042,-4.964819015210553,-0.06577125008857265,1.9327985778147851,-3.771069219905768,4.326375279517246,8.13057226470402
8.615310207844963,1.2752997034631608,-1.8549041860743345,-0.7991274211886097,-4.921555262415381,-0.0464432643104248,2.0141043004618253,-3.461132952613927,4.661918010586074,7.7600652581347305
8.615310207844963,1.2567506616024176,-1.8895155156004737,-0.8483429738127635,-4.87493608230952,-0.026302221305806547,2.091704953043173,-3.172519432147798,5.011132592101149,7.380193712174236
8.615310207844963,1.2378555064464127,-1.9212407099219517,-0.8970923346358587,-4.824824756388509,-0.0053851717753748175,2.1655068901649153,-2.905505225294698,5.374066269688745,6.9918127251959445
8.615310207844963,1.2186430993471933,-1.9502957621748986,-0.9453405821997438,-4.771084093691622,0.016269897126274337,2.235425017416875,-2.6602085235930963,5.750580967062585,6.5957831199767964
8.615310207844963,1.1991401417254444,-1.9768978474108296,-0.9930514231366601,-4.713578284020996,0.038624147300443085,2.301382848616643,-2.4365766936253643,6.140344330141308,6.192996638347119
8.615310207844963,1.1793711632513362,-2.001263614347083,-1.04018720597687,-4.652174840719583,0.06163797578660951,2.363312815000114,-2.234374427105939,6.542820457206573,5.784399196632186
8.615310207844963,1.1593585271078652,-2.0236073586181424,-1.0867089543840658,-4.5867466361475175,0.08527110393661065,2.421156806966436,-2.0531733668782746,6.957261429401326,5.371011546269007
8.615310207844963,1.1391224535216837,-2.044139092286925,-1.1325764207455409,-4.517174021853505,0.10948267200627501,2.4748669224291264,-1.8923441047864613,7.382700828633052,4.9539466171165705
8.615310207844963,1.1186810625988144,-2.0630625333347896,-1.1777481609640759,-4.443347013567174,0.13423134123056626,2.5244063886002923,-1.7510514343575747,7.817950453138056,4.534422798340465
8.615310207844963,1.0980504372654665,-2.0805730476783655,-1.2221816310997475,-4.3651675090357935,0.15947540511656919,2.569750616583697,-1.6282536826991407,8.261601396148126,4.113772445203065
8.615310207844963,1.0772447067886828,-2.0968555845053567,-1.2658333061901055,-4.282551495074312,0.18517291128240615,2.6108883410357278,-1.5227068317964778,8.712030523899614,3.693444999234631
8.615310207844963,1.0562761509436291,-2.1120826528233216,-1.3086588211408485,-4.195431189835316,0.21128179469276342,2.6478227910280743,-1.4329739635743675,9.167413164300646,3.2750042795720624
8.615310207844963,1.035155324415396,-2.1264123924590654,-1.3506131330392017,-4.1037570581923095,0.23776002260304416,2.680572833823795,-1.3574403257934322,9.625742493788481,2.8601197441177
8.615310207844963,1.0138912004908052,-2.139986795717,-1.3916507036211248,-4.007499633254425,0.2645657509412821,2.709174031264972,-1.2943340246216495,10.084855695142986,2.4505518222222333
8.615310207844963,0.9924913325336352,-2.1529301359632163,-1.431725699953669,-3.906651076302995,0.2916574912539318,2.7336795494871944,-1.241752020123931,10.542466474016885,2.048131768743293
8.615310207844963,0.970962031174003,-2.1653476561644553,-1.4707922107166989,-3.8012264115628263,0.31899428674880376,2.7541608671746274,-1.1976907561022931,10.996203000577179,1.6547368569057894
8.615310207844963,0.9493085546123585,-2.1773245637254783,-1.508804474832327,-3.6912643815570543,0.34653589542055,2.7707082357436854,-1.1600804247513745,11.443649830170814,1.2722620816670667
8.615310207844963,0.9275353089751037,-2.188925367972992,-1.5457171186478975,-3.576827883255346,0.3742429777779869,2.783430856560356,-1.1268215815299096,11.882391905987571,0.902589849452815
8.615310207844963,0.9056460552953738,-2.200193583788291,-1.581485397480451,-3.4580039641954703,0.4020772863435904,2.792456755054884,-1.0958226177451755,12.310058411522654,0.5475593474162839
8.615310207844963,0.8836441194574909,-2.211151809965743,-1.6160654371224057,-3.334903380080244,0.43000185389413925,2.797932348529047,-1.065036493871884,12.724364070072955,0.20893738385867108
8.615310207844963,0.8615326013578335,-2.221802174904462,-1.6494144709232081,-3.2076597393795145,0.4579811773794297,2.8000217223676334,-1.0324951529951032,13.123145519006824,-0.11160755132787219
8.615310207844963,0.8393145796087889,-2.232127126434413,-1.6814910683170032,-3.076428284189446,0.4859813946031061,2.7989056468543545,-0.9963401767207533,13.504390636524754,-0.4125264507340998
8.615310207844963,0.8169933083444447,-2.2420905282016204,-1.7122553511588976,-2.941384377824199,0.5139704510716496,2.7947803823470134,-0.9548485082804038,13.86625916501571,-0.6924049609286606
8.615310207844963,0.7945724030624285,-2.2516390132844246,-1.7416691949371397,-2.802721786174042,0.5419182548951198,2.787856332737727,-0.9064524299337895,14.207093632933878,-0.9499718070684396
8.615310207844963,0.7720560129295843,-2.2607035375837623,-1.7696964127988801,-2.660650849844703,0.5697968182224971,2.778356614667042,-0.8497534147473541,14.525420381875119,-1.184100270237142
8.615310207844963,0.7494489775537466,-2.269201071731236,-1.7963029212973272,-2.515396646025952,0.5975803843691675,2.766515611964671,-0.7835299405474629,14.819941397698926,-1.393803119672297
8.615310207844963,0.7267569668364343,-2.2770363711367105,-1.8214568877575867,-2.3671972320489627,0.6252455404888142,2.752577580767948,-0.7067398179272808,15.089518554940824,-1.5782220056311391
8.615310207844963,0.7039866031250672,-2.2841037693159834,-1.8451288600780764,-2.2163020464995546,0.6527713162964937,2.7367953607116364,-0.6185180072503075,15.333152738466213,-1.736612874374995
8.615310207844963,0.6811455654319074,-2.2902889493884864,-1.867291880543072,-2.0629705191148924,0.6801392699036101,2.7194292319678866,-0.5181712478086374,15.549961030151863,-1.868329427119712
8.615310207844963,0.6582426759380225,-2.2954706618665726,-1.8879215857342209,-1.9074709088133737,0.7073335622232889,2.7007459376966896,-0.40517106664685143,15.739155666777709,-1.9728069651871494
8.615310207844963,0.6352879693193568,-2.299522372533041,-1.9069962948223547,-1.7500793521455966,0.7343410216002558,2.681017868044818,-0.279146851087925,15.900028715370293,-2.0495491029282107
8.615310207844963,0.6122927455940265,-2.30231384104392,-1.9244970883438106,-1.5910790649918938,0.761151200280704,2.660522377015536,-0.1398806386210892,16.031946304724556,-2.098119751619779
8.615310207844963,0.5892696071835872,-2.303712647430131,-1.9404078789937296,-1.4307596019446482,0.7877564240508594,2.639541179499338,0.012694913244815142,16.1343557364476,-2.1181424516889926
8.615310207844963,0.5662324807092859,-2.303585698297683,-1.954715475013176,-1.2694160445801723,0.8141518358458528,2.618359754982448,0.17849427284914912,16.206807834907526,-2.1093085396761104
8.615310207844963,0.5431966237263091,-2.3018007555691913,-1.9674096354589778,-1.107347966231097,0.8403354333956773,2.5972666695856867,0.3572719124805598,16.248995478615516,-2.071394783509535
8.615310207844963,0.5201786161706171,-2.2982280364443857,-1.9784831151212887,-0.9448580114449419,0.8663081000915341,2.5765527217505912,0.5486103967162824,16.260807439124104,-2.0042900400592387
8.615310207844963,0.4971963358061733,-2.292741932477223,-1.9879316952357382,-0.7822499370537008,0.89207362730904,2.556509821349999,0.7519045156596406,16.242394568950022,-1.9080292604438325
8.615310207844963,0.47426891648140107,-2.2852228873206264,-1.9957541946062751,-0.6198259913642006,0.91763872552254,2.5374295287455606,0.9663430759290019,16.194243248352254,-1.7828319178126175
8.615310207844963,0.4514166876081948,-2.275559456561336,-2.001952454519917,-0.457883558880678,0.9430130208099956,2.5196012095674343,1.1908906610467695,16.1172491248304,-1.6291408303046457
8.615310207844963,0.42866109304258143,-2.2636505499508686,-2.0065312901087236,-0.296711067632374,0.96820903290567,2.503309801264388,1.4242721732201715,16.012782908417634,-1.4476565948268652
8.615310207844963,0.40602458754307275,-2.2494078282186667,-2.009498400785047,-0.13658323854819765,0.9932421309183138,2.488833235316119,1.6649631521525734,15.882739652291908,-1.2393626217975247
-4.153258463090657,0.38353050926088605,-2.232758196697141,-2.0108642331705293,0.02224415797472143,1.0,0.0,-4.047133496555473,18.458267233809348,-7.7707963864973495
-4.153258463090657,0.3612029272939146,-2.2732295316626954,-2.010641791590782,0.2068268303128149,1.0,-0.0777079638649735,-3.720692011838382,18.17750295559969,-7.494441208172013
-4.153258463090657,0.33847063197728766,-2.3104364517810794,-2.008573523287654,0.3886018598688118,0.9992229203613503,-0.15265237594669362,-3.377351093876825,17.857296812737584,-7.171559510223933
-4.153258463090657,0.3153662674594769,-2.3442099627198476,-2.004687504688966,0.5671748279961877,0.9976963966018834,-0.22436797104893297,-3.0220102752005547,17.50496495583824,-6.805898971044795
-4.153258463090657,0.2919241678322784,-2.374430065471853,-1.9990157564090039,0.7422244775545701,0.995452716891394,-0.2924269607593809,-2.660084978298268,17.128858921058868,-6.401869473317002
-4.153258463090657,0.26817986717755987,-2.401030915254836,-1.9915935116334582,0.9135130667651588,0.9925284472838002,-0.3564456554925509,-2.2973666563168096,16.738086707820848,-5.96437804301092
-4.153258463090657,0.2441695580250115,-2.424004581818004,-1.9824583809658067,1.0808939338433672,0.9889639907288746,-0.4160894359226601,-1.9398580232298115,16.342175644420923,-5.498621940239189
-4.153258463090657,0.21992951220683146,-2.443403162050302,-1.971649441627373,1.2443156902875765,0.984803096369648,-0.471075655325052,-1.5935988145770361,15.950712925245615,-5.009860363188121
-4.153258463090657,0.19549548058632843,-2.4593391501960724,-1.9592062847244973,1.4038228195400326,0.9800923398163975,-0.5211742589569333,-1.2644992895660647,15.573002014634145,-4.503187451651894
-4.153258463090657,0.17090208908436771,-2.471984143091733,-1.945168056529097,1.559552839686374,0.9748805972268282,-0.5662061334734522,-0.9581975929759381,15.217768615267946,-3.983327580477018
-4.153258463090657,0.1461822476534504,-2.4815661190214926,-1.9295725281322331,1.7117305258390534,0.9692185358920936,-0.6060394092782223,-0.6799535474544578,14.892940128067027,-3.4544690609512045
-4.153258463090657,0.12136658646323546,-2.4883656544960373,-1.9124552228738425,1.8606599271197237,0.9631581417993114,-0.6405840998877343,-0.4345863715281342,14.605510089188432,-2.920145717951183
-4.153258463090657,0.09648292991827509,-2.4927115182113186,-1.8938486236026453,2.006715028011608,0.956752300800434,-0.6697855570672462,-0.2264583493402489,14.361486743986786,-2.3831689574223933
-4.153258463090657,0.0715558147361619,-2.494976101704721,-1.873781473322529,2.150329895451476,0.9500544452297616,-0.6936172466414701,-0.0595016234639718,14.165914889585219,-1.845607192949345
-4.153258463090657,0.04660605371911469,-2.4955711179393605,-1.8522781743680143,2.291989044347328,0.9431182727633469,-0.7120733185709636,0.06271830490978313,14.022953529590279,-1.3088056456781114
-4.153258463090657,0.021650342539721087,-2.4949439348902627,-1.829358283924541,2.432218579643231,0.9359975395776373,-0.7251613750277447,0.13691088788133665,13.935988813427825,-0.7734377845806054
-4.153258463090657,-0.003299096809181539,-2.493574826011449,-1.8050360981281086,2.5715784677775093,0.9287459258273598,-0.7328957528735508,0.15994996656707924,13.907761461224052,-0.2395798103344379
-4.153258463090657,-0.028234845069296032,-2.4919753263457785,-1.7793203134503335,2.71065608238975,0.9214169682986243,-0.7352915509768951,0.1287535599688688,13.940489277703769,0.29319885295227327
-4.153258463090657,-0.05315459833275382,-2.49068779074609,-1.752213752626436,2.8500609751667874,0.9140640527888554,-0.7323595624473724,0.040162852154468964,14.035967247274455,0.8257336082047052
-4.153258463090657,-0.07806147624021473,-2.490286162224545,-1.7237131428747683,2.990420647639532,0.9067404571643817,-0.7241022263653254,-0.10917084325646106,14.195629048376698,1.3591528248288842
-4.153258463090657,-0.10296433786246018,-2.49137787065711,-1.693808936398373,3.132376938123299,0.8994994349007284,-0.7105106981170366,-0.32288147193669303,14.420553849541271,1.8947543479297961
-4.153258463090657,-0.12787811656903128,-2.494606685376477,-1.66248516701714,3.2765824766187115,0.892394327919558,-0.6915631546377387,-0.6049537744147163,14.71140042805169,2.433865235379323
-4.153258463090657,-0.15282418342279605,-2.500656223120624,-1.629719342250953,3.4236964808992285,0.8854786963731806,-0.6672245022839454,-0.9597417527437113,15.068246699247647,2.977676012064101
-4.153258463090657,-0.17783074565400228,-2.510253640648061,-1.5954823774419609,3.574378947891705,0.8788064513503411,-0.6374477421633044,-1.3919142972740877,15.490306656888146,3.527037029714844
-4.153258463090657,-0.2029332820604829,-2.5241727836208017,-1.5597385879630439,3.7292820144605865,0.8724319739287081,-0.6021773718661559,-1.9062886559683843,15.97548897814636,4.082200865791257
-4.153258463090657,-0.2281750098966909,-2.5432356701804855,-1.522445767818438,3.88903690424205,0.8664102002100466,-0.5613553632082434,-2.507492007249457,16.51975357932763,4.642491697998532
-4.153258463090657,-0.25360736659849575,-2.56831059025298,-1.4835553987760175,4.0542344400353265,0.8607966465779642,-0.5149304462282581,-3.1993618928192076,17.116217589390956,5.205881754476938
-4.153258463090657,-0.27929047250102557,-2.6003042091811723,-1.4430130543756643,4.225396615929236,0.8556473421156816,-0.46287162868348875,-3.983955740003711,17.753967546000883,5.768459398666438
-4.153258463090657,-0.30529351459283727,-2.6401437665812093,-1.4007590882163719,4.402936291389246,0.8510186258288467,-0.4051870346968244,-4.859988174565546,18.416563417001022,6.323789010570844
-4.153258463090657,-0.33169495225864937,-2.6887436483268647,-1.3567297253024795,4.5871019255592556,0.8469667554818785,-0.3419491445911159,-5.820458239168308,19.080295227765884,6.862199330793434
-4.153258463090657,-0.358582388741918,-2.746948230718548,-1.310858706046887,4.777904877836915,0.8435472640359674,-0.2733271512831816,-6.849187042634159,19.712409135262387,7.370108230676075
-4.153258463090657,-0.3860518710491035,-2.8154401011448895,-1.263079657268518,4.975028969189538,0.8408139925231355,-0.19962606897642082,-7.916008769504672,20.26979693543747,7.829611992769415
-4.153258463090657,-0.4142062720605524,-2.894600188839936,-1.2133293675766226,5.1777269385439135,0.8388177318333713,-0.12132994904872667,-8.970544495070067,20.699057813537312,8.218734733730203
-4.153258463090657,-0.44315227394895174,-2.984305633790637,-1.1615520981911835,5.384717516679286,0.837604432342884,-0.03914260171142464,-9.935011042530842,20.939306532365013,8.512892448446996
-4.153258463090657,-0.4729953302868581,-3.083655744215945,-1.1077049230243907,5.594110582002936,0.8372130063257697,0.04598632277304532,-10.69760482799823,20.929273756936112,8.688094847701125
-4.153258463090657,-0.5038318877290175,-3.1906317924959273,-1.0517638172043613,5.803403319572297,0.8376728695535002,0.13286727125005657,-11.109799803375132,20.619354468528886,8.725815810080793
-4.153258463090657,-0.5357382056539768,-3.3017297905296785,-0.9937297840086383,6.009596864257586,0.8390015422660008,0.2201254293508645,-10.993083739144602,19.986273363245992,8.617865085902526
-4.153258463090657,-0.5687555035592735,-3.4116606279211243,-0.9336338153660625,6.209459597890046,0.8412027965595094,0.30630408020988975,-10.161789693340348,19.042843907111763,8.367120434536412
-4.153258463090657,-0.6028721098384847,-3.513278524854528,-0.8715392193871621,6.399888036961164,0.8442658373616082,0.3899752845552539,-8.465910472051899,17.831292603136447,7.97862758384435
-4.153258463090657,-0.63800489508703,-3.597937629575047,-0.8075403390175504,6.578200962992528,0.8481655902071608,0.4697615603936974,-5.848423998653454,16.393892619070616,7.439622970514705
-4.153258463090657,-0.6739842713827804,-3.6564218695615818,-0.7417583293876251,6.7421398891832345,0.8528632058110978,0.5441577900988445,-2.397557414725722,14.734678230512394,6.6988669646437815
-4.153258463090657,-0.7105484900783962,-3.680397443708839,-0.6743369304957927,6.889486671488358,0.8583047837120862,0.6111464597452823,1.6345926028146305,12.80751553750867,5.667138460978222
-4.153258463090657,-0.7473524645154845,-3.6640515176806927,-0.6054420637809091,7.017561826863445,0.864416248309539,0.6678178443550645,5.867445712173471,10.557164132404722,4.253845216567255
-4.153258463090657,-0.7839929796922914,-3.605377060558958,-0.5352664455122746,7.1231334681874925,0.8710944267530897,0.7103562965207371,9.875865743957085,7.992568357241613,2.4248678703676774
-4.153258463090657,-0.820046750297881,-3.506618403119387,-0.4640351108303997,7.203059151759908,0.8781979897182971,0.7346049752244138,13.290234600596118,5.232454655886915,0.24158183509106182
-4.153258463090657,-0.8551129343290749,-3.373716057113426,-0.39200451931280067,7.255383698318777,0.8855440394705413,0.7370207935753245,15.87178034123621,2.4831334021670717,-2.1481777954590786
-4.153258463090657,-0.8888500949002092,-3.2149982537010637,-0.3194506823296129,7.280215032340448,0.8929142474062945,0.7155390156207336,17.53770000262186,-0.033041327519598415,-4.559003480249687
-4.153258463090657,-0.9210000774372198,-3.039621253674845,-0.2466485320062084,7.2798846190652515,0.9000696375625019,0.6699489808182367,18.33792618293882,-2.1471290324506196,-6.823265058161804
-4.153258463090657,-0.9513962899739682,-2.8562419918454567,-0.17384968581555588,7.258413328740746,0.9067691273706843,0.6017163302366186,18.40562716975974,-3.7756854754474913,-8.825344190003696
-4.153258463090657,-0.9799587098924227,-2.6721857201478594,-0.10126555252814842,7.220656473986271,0.9127862906730505,0.5134628883365817,17.90646542657084,-4.914550004426084,-10.508592044826662
-4.153258463090657,-1.0066805670939014,-2.4931210658821508,-0.02905898778828571,7.17151097394201,0.9179209195564163,0.4083769678883151,17.00175069455501,-5.61284183231684,-11.86419854432141
-4.153258463090657,-1.031611777752723,-2.3231035589366007,0.0426561219511344,7.115382555618842,0.9220046892352994,0.28973498244510104,15.82876878852235,-5.945155618567815,-12.914001213549469
-4.153258463090657,-1.0548428133420888,-2.164815871051377,0.11380994750732282,7.055930999433164,0.9249020390597504,0.16059497030960634,14.494526417607325,-5.991058914016156,-13.69503083169702
-4.153258463090657,-1.0764909720526026,-2.019870606875304,0.18436925750165445,6.996020410293002,0.9265079887628465,0.02364466199263615,13.077381063336608,-5.823428005968583,-14.24865404885845
-4.153258463090657,-1.0966896781213555,-1.8890967962419378,0.2543294616045845,6.937786130233316,0.9267444353827728,-0.11884187849594835,11.632103089496107,-5.503617721480983,-14.614192034595275
-4.153258463090657,-1.115580646083775,-1.7727757653469767,0.3237073229069176,6.8827499530185055,0.9255560165978134,-0.2649837988419011,10.195674853660783,-5.080813161409394,-14.825804868211238
-4.153258463090657,-1.1333084037372447,-1.670819016810369,0.3925348224371027,6.831941821404412,0.9229061786093944,-0.4132418475240135,8.792544808270616,-4.5934879063698615,-14.911381397959078
-4.153258463090657,-1.1500165939053484,-1.5828935687276628,0.46085424065114683,6.786006942340713,0.9187737601341542,-0.5623556615036043,7.438914465175962,-4.071682435641564,-14.892488115469734
-4.153258463090657,-1.165845529592625,-1.5085044240759031,0.5287143100745539,6.745290117984298,0.9131502035191182,-0.7112805426583017,6.146062804292412,-3.539434398468611,-14.784772380600693
-4.153258463090657,-1.1809305738333842,-1.447043796032979,0.596167211254397,6.7098957739996115,0.9060373980925353,-0.8591282664643086,4.922877957631163,-3.017080162145468,-14.598474714432827
-4.153258463090657,-1.195401011793714,-1.3978150164566674,0.6632661689943931,6.679724972378157,0.8974461154278922,-1.0051130136086368,3.777797531953864,-2.5233555553359435,-14.33887393571849
-4.153258463090657,-1.2093791619582805,-1.3600370411371288,0.7300634187181746,6.654491416824797,0.8873949852918058,-1.1485017529658217,2.7203306548547723,-2.0773152915531825,-14.006592162605486
-4.153258463090657,-1.2229795323696517,-1.332833734588581,0.7966083328864225,6.633718263909265,0.8759099677621476,-1.2885676745918766,1.7622818573030161,-1.7001085764069206,-13.5977522434896
-4.153258463090657,-1.2363078697155376,-1.315210916015551,0.8629455155255151,6.616717178145196,0.8630242910162288,-1.4245451970267726,0.918731380805801,-1.4166140647280059,-13.104031610495262
-4.153258463090657,-1.249459978875693,-1.306023602207493,0.9291126873069671,6.602551037497916,0.8487788390459611,-1.5555855131317253,0.2087487383027721,-1.2568545278706453,-12.512712411069513
-4.153258463090657,-1.262520214897768,-1.3039361148244653,0.9951381976819462,6.589982492219209,0.8332229839146438,-1.6807126372424204,-0.344277330334903,-1.2569742836226798,-11.80690182878818
-4.153258463090657,-1.2755595760460126,-1.3073788881278143,1.0610380226041383,6.577412749382983,0.8164158575422196,-1.7987816555303022,-0.7129191674262063,-1.4593660779062116,-10.96619491998342
-4.153258463090657,-1.2886333649272907,-1.3145080798020763,1.126812150097968,6.562819088603921,0.7984280409869166,-1.9084436047301365,-0.8669397298566148,-1.9112960223288278,-9.96816470556462
-4.153258463090657,-1.3017784457253114,-1.3231774771006424,1.1924403409840072,6.543706128380633,0.7793436049396152,-2.0081252517857826,-0.7758833431662137,-2.6611683893390543,-8.791147043962718
-4.153258463090657,-1.3150102204963179,-1.3309363105323044,1.2578774022678134,6.517094444487242,0.7592623524217573,-2.09603672222541,-0.4133893898721897,-3.7515666207152076,-7.418743964700795
-4.153258463090657,-1.3283195836016408,-1.3350702044310263,1.323048346712686,6.479578778280089,0.7383019851995032,-2.170224161872418,0.23670700192164507,-5.2086848073398295,-5.846144940750527
-4.153258463090657,-1.341670285645951,-1.3327031344118099,1.3878441344954868,6.427491930206691,0.716599743580779,-2.228685611279923,1.1730813766408994,-7.029028218882982,-4.0876080101077825
-4.153258463090657,-1.354997316990069,-1.320972320645401,1.4521190537975537,6.3572016480178615,0.6943128874679798,-2.269561691381001,2.370018312001562,-9.166345471650935,-2.183266418788532
-4.153258463090657,-1.3682070401965232,-1.2972721375253853,1.5156910702777322,6.265538193301352,0.6716172705541698,-2.2913943555688863,3.773461026708818,-11.52396850719577,-0.20226053767584226
-4.153258463090657,-1.3811797615717771,-1.2595375272582972,1.5783464522107458,6.150298508229394,0.6487033269984809,-2.2934169609456445,5.30280316967641,-13.958451446943393,1.7610254541991874
-4.153258463090657,-1.39377513684436,-1.206509495561533,1.6398494372930397,6.01071399375996,0.6257691573890244,-2.2758067064036527,6.859939594337596,-16.29779138168111,3.599133848038248
-4.153258463090657,-1.4058402317999754,-1.137910099618157,1.6999565772306393,5.847736079943148,0.6030110903249879,-2.23981536792327,8.344291611176313,-18.371437318269646,5.210022261239917
-4.153258463090657,-1.417219332796157,-1.054467183506394,1.7584339380300709,5.664021706760452,0.5806129366457552,-2.187715145310871,9.669497900241149,-20.04274354860489,6.51611611164144
-4.153258463090657,-1.427764004631221,-0.9577722045039824,1.8150741550976754,5.463594271274403,0.5587357851926464,-2.122553984194457,10.776258117151778,-21.23221305389692,7.477131201528576
-4.153258463090657,-1.437341726676261,-0.8500096233324645,1.8697100978104195,5.251272140735433,0.5375102453507019,-2.047782672179171,11.63750007970271,-21.924071779776824,8.092615025496963
-4.153258463090657,-1.4458418229095855,-0.7336346225354374,1.922222819217774,5.032031422937665,0.5170324186289103,-1.9668565219242016,12.255555626564323,-22.156644174278863,8.394905131279694
-4.153258463090657,-1.45317816913494,-0.6110790662697942,1.9725431334471506,4.810464981194877,0.4973638534096682,-1.8829074706114046,12.65407041772083,-22.003281599450094,8.43679280636664
-4.153258463090657,-1.459288959797638,-0.48453836209258594,2.020647783259099,4.590432165200376,0.47853477870355415,-1.7985395425477382,12.868385395784546,-21.552030812765334,8.278839035424815
-4.153258463090657,-1.4641343434185639,-0.3558545081347405,2.066552104911103,4.374911857072722,0.46054938327807676,-1.71575115219349,12.937264866917676,-20.88967580211193,7.979632890853591
-4.153258463090657,-1.4676928884999112,-0.22648185946556373,2.11030122348183,4.166015099051603,0.44339187175614186,-1.6359548232849541,12.897264185544243,-20.092102275398076,7.590039340249114
-4.153258463090657,-1.4699577070945669,-0.0975092176101213,2.151961374472346,3.9650940762976226,0.42703232352329235,-1.560054429882463,12.779735554444663,-19.22027442104836,7.15090918913954
-4.153258463090657,-1.470932799270668,0.030288137934325332,2.1916123152353224,3.772891332087139,0.4114317792244677,-1.4885453379910676,12.609822780949035,-18.320025269328497,6.693107518158944
-4.153258463090657,-1.4706299178913247,0.15638636574381568,2.2293412285561938,3.5896910793938543,0.39654632584455707,-1.4216142628094781,12.406675537930528,-17.423885708287717,6.2387619245854005
-4.153258463090657,-1.4690660542338865,0.28045312112312093,2.2652381393501324,3.4154522223109773,0.3823301832164623,-1.3592266435636242,12.184260989282123,-16.55366875420723,5.802946383542082
-4.153258463090657,-1.4662615230226552,0.4022957310159422,2.299392661573242,3.2499155347689053,0.368737916780826,-1.3011971797282034,11.952365189416849,-15.723058377548021,5.395346591847283
-4.153258463090657,-1.4622385657124959,0.5218193829101107,2.331891816920931,3.092684950993425,0.355725944983544,-1.2472437138097305,11.717559687946048,-14.939851535460825,5.021696993873959
-4.153258463090657,-1.4570203718833947,0.6389949797895711,2.3628186664308655,2.943286435638817,0.34325350784544667,-1.197026743870991,11.484033215261631,-14.207745855113878,4.684927676680595
-4.153258463090657,-1.450630422085499,0.7538353119421874,2.3922515307872536,2.8012089770876782,0.33128324040673673,-1.150177467104185,11.254260751791783,-13.527690390956987,4.3860346197080915
-4.153258463090657,-1.4430920689660771,0.8663779194601053,2.4202636205581305,2.665932073178108,0.3197814657356949,-1.1063171209071039,11.029518572606055,-12.898867799557143,4.124717082685207
-4.153258463090657,-1.434428289771476,0.9766731051861659,2.4469229412899116,2.536943395182537,0.30871829452662386,-1.0650699500802518,10.810268490556064,-12.31938749344264,3.89983221791182
-4.153258463090657,-1.4246615587196143,1.0847757900917265,2.472292375241737,2.4137495202481105,0.29806759502582136,-1.0260716279011337,10.5964376686492,-11.78676244320446,3.709712420337203
-4.153258463090657,-1.4138138008186971,1.1907401667782185,2.4964298704442185,2.295881895816066,0.28780687874681005,-0.9889745036977616,10.387618231195631,-11.298229147900447,3.5523826528844142
-4.153258463090657,-1.4019063991509149,1.2946163490901748,2.5193886894023794,2.182899604337061,0.27791713370983245,-0.9534506771689175,10.18320686372119,-10.850956616319662,3.4257064576610445
-4.153258463090657,-1.388960235660013,1.3964484177273866,2.54121768544575,2.0743900381738647,0.2683826269381433,-0.919193612592307,9.982500321801004,-10.442178321026626,3.327481978370589
-4.153258463090657,-1.3749957514827391,1.4962734209453967,2.5619615858274885,1.9699682549635984,0.25919069081222024,-0.8859187928086012,9.784758976804312,-10.069271627626996,3.255503441208411
-9.54347472220162,-1.360033017273285,1.5941210107134398,2.5816612683771245,1.8692755386873285,0.25033150288413425,-0.8533637583965171,9.132874410268812,-9.601136171779237,1.3491572867911021
-9.54347472220162,-1.3440918071661507,1.685449754816128,2.6003540237639977,1.773264176969536,0.24179786530016908,-0.8398721855286061,8.91284610267791,-9.286626877883556,1.3136207226306789
-9.54347472220162,-1.3272373096179895,1.774578215842907,2.618086665533693,1.6803979081907006,0.23339914344488302,-0.8267359783022993,8.69237261226405,-8.99989278164429,1.2960164366191982
-9.54347472220162,-1.3094915274595604,1.8615019419655476,2.6348906446156,1.5903989803742578,0.22513178366186004,-0.8137758139361073,8.470886460325291,-8.73906955771359,1.2942960517794058
-9.54347472220162,-1.290876508039905,1.9462108065688006,2.6507946344193427,1.5030082847971218,0.21699402552249897,-0.8008328534183132,8.247856369166115,-8.502476819647939,1.3064830805358814
-9.54347472220162,-1.271414399974217,2.028689370260462,2.6658247172673137,1.4179835166006425,0.20898569698831584,-0.7877680226129544,8.022782301734466,-8.288605697076777,1.330671479951284
-9.54347472220162,-1.2511275062716123,2.1089171932778066,2.6800045524333203,1.3350974596298748,0.20110801676218631,-0.7744613078134416,7.795188043836019,-8.096104761849729,1.365022592709744
-9.54347472220162,-1.2300383343388341,2.1868690737161667,2.693355527029619,1.2541364120113776,0.1933634036840519,-0.7608110818863442,7.564612159222991,-7.92376515193861,1.407761123084548
-9.54347472220162,-1.2081696436016724,2.2625151953083966,2.7058968911497328,1.1748987604919916,0.18575529286518844,-0.7467334706554987,7.330597891086726,-7.77050531834047,1.4571705259286425
-9.54347472220162,-1.1855444916485884,2.335821174219264,2.7176458787546527,1.097193707308587,0.17828795815863346,-0.7321617653962122,7.092682399479188,-7.635355517026632,1.5115879933054555
-9.54347472220162,-1.1621862799063958,2.406747998214056,2.7286178158277385,1.0208401521383206,0.17096634050467135,-0.7170458854631577,6.850385593857928,-7.517441943748101,1.5693990826313167
-9.54347472220162,-1.1381187999242552,2.4752518541526354,2.738826217349122,0.9456657327008395,0.16379588165003978,-0.7013518946368446,6.603198730164762,-7.415970235108761,1.6290319247048377
-9.54347472220162,-1.113366281382729,2.541283841454283,2.7482828746761303,0.8715060303497519,0.15678236270367132,-0.6850615753897962,6.3505728840438795,-7.330207914536142,1.6889508679627647
-9.54347472220162,-1.087953442968186,2.604789570294722,2.7569979349796276,0.7982039512043905,0.14993174694977335,-0.6681720667101685,6.091907381001674,-7.25946523323003,1.7476493492662912
-9.54347472220162,-1.0619055472652388,2.665708644104739,2.7649799744916717,0.7256092988720901,0.14325002628267167,-0.6506955732175056,5.826538258494085,-7.2030737362599275,1.8036417276628536
-9.54347472220162,-1.0352484608241914,2.72397402668968,2.7722360674803928,0.6535785615094909,0.13674307055049661,-0.6326591559408771,5.553726854712679,-7.160361770845446,1.855453775546205
-9.54347472220162,-1.0080087205572945,2.779511295236807,2.7787718530954875,0.5819749438010364,0.13041647899108785,-0.6141046181854151,5.272648667353397,-7.130626052250613,1.9016114949591383
-9.54347472220162,-0.9802136076049265,2.832237781910341,2.784591602533498,0.5106686832785303,0.1242754328092337,-0.5950885032358236,4.982382708573981,-7.1130983260471154,1.940627923704646
-9.54347472220162,-0.9518912297858231,2.882061608996081,2.7896982893662834,0.43953770001805914,0.11832454777687547,-0.5756822239987772,4.6819017080336955,-7.106906139013773,1.9709876309203362
-9.54347472220162,-0.9230706136958623,2.9288806260764177,2.794093666366464,0.3684686386279214,0.1125677255368877,-0.5559723476895738,4.370063695461994,-7.111026796375805,1.9911286975311804
-9.54347472220162,-0.8937818074350982,2.9725812630310378,2.797778352752743,0.2973583706641634,0.10700800205999196,-0.536061060714262,4.045605741258475,-7.124233804565713,1.9994221669215981
-9.54347472220162,-0.8640559948047878,3.0130373204436225,2.8007519364593847,0.22611603261850624,0.10164739145284934,-0.516066839045046,3.707140963514144,-7.145035569359774,1.9941492818221231
-9.54347472220162,-0.8339256216003516,3.050108730078764,2.8030130967855698,0.1546656769249085,0.09648672306239889,-0.4961253462268248,3.353160337487584,-7.1716069671296845,1.9734773560724899
-9.54347472220162,-0.803424534299564,3.0836403334536397,2.804559753554819,0.08294960725361167,0.09152546960013064,-0.4763905726660999,2.9820413791964686,-7.201715796516037,1.9354359393363234
-9.54347472220162,-0.7725881309650275,3.1134607472456044,2.8053892496273547,0.010932449288451287,0.08676156387346964,-0.4570362132727367,2.592066416086512,-7.2326482408881585,1.8778960997385397
-9.54347472220162,-0.7414535234925715,3.1393814114064695,2.8054985741202394,-0.061394033120430305,0.08219120174074228,-0.4382572522753513,2.1814538767432463,-7.261140517066344,1.7985572415214148
-9.54347472220162,-0.7100597093785068,3.161195950173902,2.804884633789035,-0.13400543829109374,0.07780862921798877,-0.42027167986013714,1.7484067544856263,-7.2833279703598315,1.6949479089253539
-9.54347472220162,-0.6784477498767678,3.1786800177187584,2.803544579406124,-0.20683871799469206,0.0736059124193874,-0.4033222007708836,1.2911829786289826,-7.294727921740226,1.5644494039328318
-9.54347472220162,-0.6466609496995802,3.191591847505048,2.8014761922261773,-0.2797859972120943,0.06957269041167856,-0.38767770673155527,0.8081926066751389,-7.290278109273128,1.4043534500827344
-9.54347472220162,-0.6147450312245297,3.1996737735717997,2.7986783322540565,-0.3526887783048256,0.065695913344363,-0.3736341722307279,0.2981261369227657,-7.2644574669170074,1.2119669149421692
-9.54347472220162,-0.5827482934888117,3.2026550349410274,2.795151444471008,-0.42533335297399566,0.061959571622055724,-0.3615145030813062,-0.23988370395780573,-7.2115181995783235,0.9847766560441409
-9.54347472220162,-0.5507217431394015,3.2002561979014494,2.790898110941268,-0.4974485349697789,0.058344426591242664,-0.35166673652086483,-0.8060682457302224,-7.125854553566473,0.7206843045854869
-9.54347472220162,-0.518719181160387,3.1921955154441473,2.7859236255915705,-0.5687070805054436,0.054827759226034015,-0.34445989347500994,-1.3998051797844229,-7.0025205404043955,0.41831242320387546
-9.54347472220162,-0.4867972260059455,3.178197463646303,2.780236554786516,-0.6387322859094876,0.05138316029128392,-0.3402767692429712,-2.019393854310411,-6.8378827719050435,0.07736853133550614
-9.54347472220162,-0.45501525136948245,3.158003525103199,2.7738492319274215,-0.7071111136285381,0.047980392598854206,-0.3395030839296161,-2.6618513797121026,-6.630354779210057,-0.3009679125871907
-9.54347472220162,-0.4234352161184505,3.131385011306078,2.766778120791136,-0.7734146614206386,0.044585361759558045,-0.342512763055488,-3.3227678250660158,-6.381110648873724,-0.7136952324733867
-9.54347472220162,-0.3921213660053897,3.098157333055418,2.75904397417693,-0.8372257679093759,0.041160234129003166,-0.3496497153802219,-3.996265020217809,-6.094631519561824,-1.155756532960095
-9.54347472220162,-0.36113979267483554,3.05819468285324,2.7506717164978363,-0.8981720831049941,0.03766373697520095,-0.36120728070982283,-4.675100661585709,-5.778918814464574,-1.6200110178289409
-9.54347472220162,-0.33055784584630316,3.011443676237383,2.7416899956667864,-0.9559612712496398,0.03405166416810272,-0.37740739088811226,-5.350943556814028,-5.4452344021118995,-2.097478184637482
-9.54347472220162,-0.3004434090839293,2.9579342406692426,2.73213038295429,-1.0104136152707588,0.0302775902592216,-0.39838217273448706,-6.014816474815122,-5.107310603878152,-2.577875753483467
-9.54347472220162,-0.2708640666772369,2.897786075921091,2.7220262468015823,-1.0614867213095402,0.02629376853187673,-0.4241609302693217,-6.657665546347012,-4.780099378834668,-3.0504032348580643
-9.54347472220162,-0.24188620591802598,2.831209420457621,2.711411379588487,-1.109287715097887,0.02205215922918351,-0.45466496261790235,-7.270980505951258,-4.478261309031746,-3.5046539388948452
-9.54347472220162,-0.21357411171344978,2.7584996153981085,2.700318502437508,-1.1540703281882045,0.01750550960300449,-0.4897115020068508,-7.847371197545852,-4.214679681715567,-3.9314958238929627
-9.54347472220162,-0.1859891155594687,2.68002590342265,2.6887777991556256,-1.1962171250053601,0.012608394582935981,-0.5290264602457805,-8.381011312443936,-3.999284727510142,-4.323765027402917
-9.54347472220162,-0.1591888565252422,2.596215790298211,2.676815627905572,-1.2362099722804616,0.007318129980478176,-0.5722641105198096,-8.867889629674703,-3.8383854542808598,-4.676665391856967
-9.54347472220162,-0.13322669862226008,2.507536894001464,2.6644535281827673,-1.2745938268232702,0.0015954888752800793,-0.6190307644383793,-9.30585190054034,-3.734567554737946,-4.987843144434528
-9.54347472220162,-0.10815132968224545,2.4144783749960608,2.6517075899145346,-1.3119395023706497,-0.004594818769103714,-0.6689091958827247,-9.69445826682851,-3.6870800974485682,-5.257179323532775
-9.54347472220162,-0.08400654593228483,2.3175337923277755,2.6385881948908283,-1.3488103033451353,-0.011283910727930961,-0.7214809891180525,-10.034709523538478,-3.6925456569919923,-5.4863903395419955
-9.54347472220162,-0.060831208009007084,2.217186697092391,2.625100091857377,-1.3857357599150553,-0.018498720619111488,-0.7763448925134724,-10.328705585356866,-3.7458045254558057,-5.678540779263671
-9.54347472220162,-0.038659341038083175,2.113899641238822,2.6112427342582265,-1.4231938051696134,-0.026262169544246212,-0.8331303003061091,-10.579293511664064,-3.8407323183867055,-5.83755815758768
-9.54347472220162,-0.017520344625694954,2.0081067061221813,2.5970107962065305,-1.4616011283534804,-0.034593472547307304,-0.8915058818819859,-10.789746946890919,-3.9709261214226776,-5.967810102512218
-9.54347472220162,0.002560722435526859,1.9002092366532721,2.582394784922996,-1.5013103895677071,-0.04350853136612716,-0.951183982907108,-10.963500826401107,-4.130212586659179,-6.073773402631841
-9.54347472220162,0.02156281480205958,1.7905742283892612,2.5673816810273187,-1.542612515434299,-0.05302037119519824,-1.0119217169334265,-11.103949617477896,-4.312976661563518,-6.159799664064274
-9.54347472220162,0.03946855708595219,1.6795347322144822,2.5519555558729756,-1.585742282049934,-0.06313958836453251,-1.0735197135740693,-11.214306448671545,-4.514336862360829,-6.229966881843661
-9.54347472220162,0.05626390440809702,1.5673916677277668,2.536098133052476,-1.6308856506735423,-0.07387478550027321,-1.1358193823925058,-11.297514355824722,-4.73020421380333,-6.287999186617484
-9.54347472220162,0.07193782108537469,1.4544165241695195,2.519789276545741,-1.6781876928115755,-0.08523297932419827,-1.1986993742586807,-11.356198534579919,-4.957262192661664,-6.337235908663778
-9.54347472220162,0.08648198632706988,1.3408545388237203,2.503007399617625,-1.7277603147381921,-0.09721997306678508,-1.2620717333453184,-11.392648618583664,-5.192899340866764,-6.380633311928743
-9.54347472220162,0.09989053171530708,1.2269280526378836,2.485729796470243,-1.7796893081468599,-0.10984069040023826,-1.325878066464606,-11.408821441341397,-5.435118481094504,-6.420785897931206
-9.54347472220162,0.11215981224168592,1.1128398382244697,2.4679329033887747,-1.834040492957805,-0.12309947106488432,-1.390085925443918,-11.406356663318048,-5.682438969953274,-6.459957826241461
-9.54347472220162,0.12328821062393061,0.9987762715912892,2.4495924984591966,-1.8908648826573375,-0.13700033031932352,-1.4546855037063326,-11.386599559398915,-5.933802232432914,-6.500118131314203
-9.54347472220162,0.1332759733398435,0.8849102759973001,2.430683849632623,-1.9502029049816667,-0.15154718535638684,-1.5196866850194746,-11.350626920886512,-6.18848621831035,-6.542975832531486
-9.54347472220162,0.1421250760998165,0.771404006788435,2.4111818205828066,-2.01208776716477,-0.1667440522065816,-1.5851164433447895,-11.299273347934804,-6.446031274877679,-6.590012758233468
-9.54347472220162,0.14983911616770085,0.658411273309087,2.391060942911159,-2.0765480799135467,-0.18259521664002948,-1.6510165709271243,-11.233156199231773,-6.7061779459816835,-6.6425130548211335
-9.54347472220162,0.15642322890079172,0.5460797113167692,2.3702954621120234,-2.1436098593733637,-0.19910538234930072,-1.7174417014753356,-11.152698173026812,-6.968816068808083,-6.701589070600698
-9.54347472220162,0.1618840260139594,0.43455272958650115,2.3488593635182897,-2.2132980200614445,-0.2162797993640541,-1.7844575921813426,-11.058146976381764,-7.233943974217765,-6.768203719255006
-9.54347472220162,0.16622955330982442,0.3239712598226835,2.3267263833176752,-2.285637459803622,-0.23412437528586752,-1.8521396293738928,-10.949591854116067,-7.50163639388173,-6.843189641677071
-9.54347472220162,0.16946926590805125,0.21447534128152282,2.303870008719639,-2.3606538237424397,-0.25264577157960644,-1.9205715257906635,-10.826976942703316,-7.772019688630819,-6.927265572145461
-9.54347472220162,0.17161401932086648,0.10620557185448966,2.2802634704822147,-2.438374020628748,-0.2718514868375131,-1.9898441815121182,-10.69011152441256,-8.045253137360113,-7.0210503270900615
-9.54347472220162,0.17267607503941138,-0.0006955433896359414,2.255879730275927,-2.5188265520023494,-0.29174992865263427,-2.060054684783019,-10.538677310824859,-8.321515201161395,-7.125074805906684
-9.54347472220162,0.172669119605515,-0.10608231649788454,2.2306914647559037,-2.6020417040139634,-0.31235047550046446,-2.1313054328420855,-10.37223290221022,-8.600993865189986,-7.239792344657293
-9.54347472220162,0.17160829644053616,-0.20980464551998673,2.204671047715764,-2.6880516426658634,-0.3336635298288853,-2.2037033562886585,-10.19021556377476,-8.883880339911213,-7.365587707600256
-9.54347472220162,0.1695102499853363,-0.31170680115773436,2.1777905312891055,-2.7768904460649755,-0.3557005633917719,-2.277359233364661,-9.991940440643024,-9.170365563034501,-7.50278494518918
-9.54347472220162,0.16639318197375894,-0.4116262055641646,2.1500216268284555,-2.8685941016953205,-0.37847415572541854,-2.352387082816553,-9.776597306560774,-9.460639078926251,-7.65165429366323
-9.54347472220162,0.1622769199181173,-0.5093921786297724,2.1213356858115024,-2.963200492484583,-0.4019980265535841,-2.4289036257531853,-9.54324491036509,-9.754889982109775,-7.812418241518178
-9.54347472220162,0.15718299813181957,-0.6048246277334233,2.0917036808866567,-3.0607493923056808,-0.42628706281111595,-2.5070278081683672,-9.290802951408583,-10.053309695498786,-7.985256841401241
-9.54347472220162,0.15113475185448533,-0.6977326572475091,2.0610961869635998,-3.161282489260669,-0.4513573408927996,-2.58688037658238,-9.018041681469413,-10.35609641236715,-8.170312300689787
-9.54347472220162,0.14415742528201023,-0.7879130740622032,2.029483362070993,-3.2648434533843402,-0.4772261446586234,-2.668583499589278,-8.723569096746727,-10.663461063288812,-8.367692837737819
-9.54347472220162,0.1362782945413882,-0.8751487650296705,1.9968349275371498,-3.371478064017228,-0.5039119796545162,-2.752260427966656,-8.405815649576104,-10.975634673883704,-8.577475740228968
-9.54347472220162,0.1275268068910915,-0.9592069215254315,1.9631201468969774,-3.4812344107560653,-0.5314345839341827,-2.8380351853689456,-8.063016375789553,-11.292876953187358,-8.799709503037237
-9.54347472220162,0.11793473767583718,-1.039837085283327,1.9283078027894167,-3.594163180287939,-0.5598149357878722,-2.926032280399318,-7.693190300889489,-11.615485890899636,-9.034414850050618
-9.54347472220162,0.10753636682300391,-1.1167689882922218,1.8923661709865374,-3.710318039196935,-0.5890752585918654,-3.0163764288998243,-7.294116958002135,-11.943808037237496,-9.281584350597354
-9.54347472220162,0.0963686769400817,-1.189710157872243,1.8552629905945681,-3.82975611956931,-0.6192390228808636,-3.1091922724057977,-6.863309826104699,-12.278248980905508,-9.541180217452549
-9.54347472220162,0.08447157536135927,-1.2583432561332901,1.816965429398875,-3.952538609378365,-0.6503309456049217,-3.204604074580323,-6.397986484073296,-12.619283313654774,-9.813129708297678
-9.54347472220162,0.07188814280002637,-1.3223231209740232,1.7774400433050914,-4.078731442514913,-0.6823769863507249,-3.3027353716633,-5.895035284605901,-12.967463052772533,-10.097317330966883
-9.54347472220162,0.05866491159028613,-1.3812734738200823,1.7366527288799423,-4.208406073042639,-0.7154043400673579,-3.403708544972969,-5.350978398414739,-13.323423055871999,-10.393572755475015
-9.54347472220162,0.04485217685208531,-1.4347832578042297,1.6945686681495158,-4.341640303601359,-0.7494414255170876,-3.507644272527719,-4.7619311895570835,-13.687881363859201,-10.701652937696018
-9.54347472220162,0.030504344274043013,-1.4824025696998004,1.6511522651135022,-4.478519117239951,-0.7845178682423648,-3.6146608019046793,-4.123558098862196,-14.061631589577638,-11.021216428495215
-9.54347472220162,0.015680318577045008,-1.5236381506884225,1.6063670739411027,-4.619135433135728,-0.8206644762614116,-3.7248729661896314,-3.431025598711641,-14.445523349803501,-11.351787136964212
-9.54347472220162,0.0004439370701607836,-1.557948406675539,1.5601757196097454,-4.763590666633763,-0.8579132059233079,-3.8383908375592735,-2.6789534386830876,-14.840425203547357,-11.692703885009228
-9.54347472220162,-0.015135546996594605,-1.5847379410623699,1.5125398129434078,-4.911994918669237,-0.8962971142989006,-3.955317876409366,-1.861366480872731,-15.247162453706935,-12.043050868002544
-9.54347472220162,-0.030982926407218305,-1.6033516058710973,1.4634198637567155,-5.064466543206306,-0.9358502930629943,-4.075748385089391,-0.9716511600618976,-15.66641927986972,-12.401562544410206
-9.54347472220162,-0.04701644246592927,-1.6130681174717163,1.4127751983246524,-5.221130736005003,-0.9766077769138882,-4.199764010533493,-0.002523353606052476,-16.098590716442754,-12.766494428023558
-9.54347472220162,-0.06314712364064644,-1.6130933510077767,1.3605638909646023,-5.3821166431694305,-1.0,0.0,-1.1244781420424008,-16.70460607580761,-13.868021658183073
-9.54347472220162,-0.07927805715072421,-1.6243381324282007,1.306742724532908,-5.549162703927506,-1.0,-0.13868021658183075,0.022021364393367444,-17.205509130524288,-14.247565311074373
-9.54347472220162,-0.09552143847500622,-1.624117918784267,1.2512510974936328,-5.721217795232749,-1.0,0.0,1.1273676500460057,-17.7325240751024,-14.674476274179561
-9.54347472220162,-0.11176261766284888,-1.612844242283807,1.1940389195413053,-5.898543035983773,-1.0,-0.14674476274179563,2.4856453407983827,-18.253132442585898,-15.047372632038014
-9.54347472220162,-0.12789106008568696,-1.5879877888758231,1.1350534891814674,-6.081074360409632,-1.0,0.0,3.8104715945273724,-18.79839206393872,-15.459859052040208
-9.54347472220162,-0.14377093797444518,-1.5498830729305495,1.074242745577371,-6.269058281049019,-1.0,-0.1545985905204021,5.415610512138291,-19.315081193739474,-15.797953926021249
-9.54347472220162,-0.15926976870375067,-1.4957269678091665,1.0115521627668809,-6.462209092986414,-1.0,0.0,6.9909279268955276,-19.843115337679176,-16.159026067517868
-9.54347472220162,-0.17422703838184234,-1.4258176885402112,0.9469300718370167,-6.660640246363205,-1.0,-0.16159026067517868,8.867945459614056,-20.29902934465997,-16.411556463344837
-8.050738715258918,-0.18848521526724446,-1.3371382339440707,0.8803236693733847,-6.863630539809805,-1.0,0.0,11.517032799802081,-20.512032505648506,-15.856620921583882
-8.050738715258918,-0.20185659760668517,-1.22196790594605,0.8116873639752866,-7.06875086486629,-1.0,-0.15856620921583883,13.661140035345333,-20.750304189857637,-15.91643243535956
-8.050738715258918,-0.21407627666614568,-1.0853565055925967,0.7409998553266237,-7.276253906764866,-1.0,0.0,15.723254431773093,-20.87382596221679,-15.904294383401846
-8.050738715258918,-0.22492984172207164,-0.9281239612748657,0.6682373162589751,-7.484992166387034,-1.0,-0.15904294383401846,18.014055144999656,-20.6960924169348,-15.640231918634377
-8.050738715258918,-0.2342110813348203,-0.7479834098248692,0.5933873945951047,-7.691953090556382,-1.0,0.0,20.080058452972956,-20.25699224122405,-15.220138817438125
-8.050738715258918,-0.241690915433069,-0.5471828252951396,0.5164678636895409,-7.894523012968622,-1.0,-0.15220138817438125,22.1726578097445,-19.302473987179543,-14.439735492079626
-8.050738715258918,-0.2471627436860204,-0.3254562471976946,0.43752263355985466,-8.087547752840418,-1.0,0.0,23.71537380018382,-17.898985752784952,-13.420412069880824
-8.050738715258918,-0.25041730615799734,-0.08830250919585642,0.3566471560314505,-8.266537610368268,-1.0,-0.13420412069880824,24.83479279187341,-15.780261332383539,-11.977350087886386
-8.050738715258918,-0.25130033124995593,0.1600454187228777,0.2739817799277678,-8.424340223692102,-1.0,0.0,24.8161056918113,-13.153548721164336,-10.325374771891168
-8.050738715258918,-0.24969987706272714,0.40820647564099066,0.18973837769084678,-8.555875710903745,-1.0,-0.10325374771891169,23.654011874243054,-9.920819692760054,-8.403410597481374
-8.050738715258918,-0.24561781230631724,0.6447465943834212,0.10417962058180932,-8.655083907831346,-1.0,0.0,20.66484482117586,-6.596816054809702,-6.591577745268931
-8.050738715258918,-0.23917034636248302,0.8513950425951797,0.017628781503495866,-8.721052068379443,-1.0,-0.06591577745268931,15.961114298460728,-3.359214504821487,-4.979548090338807
-8.050738715258918,-0.23065639593653123,1.011006185579787,-0.06958173918029856,-8.754644213427659,-1.0,0.0,9.379089691379722,-0.7710754459456168,-3.9131720099684077
-8.050738715258918,-0.22054633408073335,1.1047970824935842,-0.15712818131457515,-8.762354967887115,-1.0,-0.039131720099684075,1.5902498027911676,1.2658433140306973,-3.2782010128572026
-8.050738715258918,-0.20949836325579752,1.1206995805214959,-0.2447517309934463,-8.749696534746807,-1.0,0.0,-6.789413199165006,2.9062345388928987,-2.9425775573540776
-8.050738715258918,-0.19829136745058257,1.052805448529846,-0.33224869634091436,-8.720634189357877,-1.0,-0.029425775573540775,-14.692376048770175,4.821474501683515,-2.433880604350218
-8.050738715258918,-0.18776331296528412,0.9058816880421442,-0.41945503823449315,-8.672419444341042,-1.0,0.0,-21.394354419440404,7.318716600478602,-1.5074964754281777
-8.050738715258918,-0.17870449608486266,0.6919381438477401,-0.5061792326779035,-8.599232278336256,-1.0,-0.015074964754281777,-26.24266668987122,10.508197113376582,-0.01846864343964209
-8.050738715258918,-0.17178511464638527,0.4295114769490279,-0.5921715554612661,-8.49415030720249,-1.0,0.0,-29.11383095020201,13.976614789962072,1.833596421323494
-8.050738715258918,-0.167489999876895,0.13837316744700778,-0.677113058533291,-8.35438415930287,-1.0,0.01833596421323494,-30.13224612915618,17.25417668830882,3.7844188592506263
-8.050738715258918,-0.1661062682024249,-0.16294929384455403,-0.7606569001263197,-8.181842392419782,-0.9998166403578677,0.0561801528057412,-29.675737189620364,19.94449662224999,5.56845438116648
-8.050738715258918,-0.16773576114087047,-0.4597066657407577,-0.8424753240505175,-7.982397426197282,-0.9992548388298103,0.111864696617406,-28.18408206765652,21.870707853624484,7.026285436658202
-8.050738715258918,-0.17233282779827805,-0.7415474864173228,-0.9222992983124904,-7.763690347661036,-0.9981361918636362,0.18212755098398803,-26.064545796144877,23.039869910533838,8.102619670179896
-8.050738715258918,-0.1797483026624513,-1.0021929443787716,-0.9999362017891007,-7.533291648555698,-0.9963149163537963,0.263153747685787,-23.63811779758403,23.566131137900275,8.815260111196183
-8.050738715258918,-0.189770232106239,-1.2385741223546118,-1.0752691182746577,-7.297630337176695,-0.9936833788769385,0.3513063487977488,-21.129478649185593,23.600170099017728,9.219029536028344
-8.050738715258918,-0.20215597332978513,-1.4498689088464678,-1.1482454216464246,-7.061628636186518,-0.9901703153889609,0.44349664415803225,-18.68069894974196,23.285855538184073,9.379507363768118
-8.050738715258918,-0.21665466241824982,-1.6366758983438874,-1.2188617080082897,-6.828770080804677,-0.9857353489473806,0.5372917177957134,-16.372412362387703,22.741472594100667,9.358501567921415
-8.050738715258918,-0.2330214214016887,-1.8004000219677645,-1.2871494088163364,-6.601355354863671,-0.9803624317694234,0.6308767334749276,-14.243663447962717,22.05603474164016,9.208034479422802
-8.050738715258918,-0.2510254216213663,-1.9428366564473918,-1.3531629623649732,-6.3807950074472695,-0.9740536644346741,0.7229570782691556,-12.307301226740735,21.292620195925515,8.9691526295638
-8.050738715258918,-0.27045378818584026,-2.065909668714799,-1.4169709124394458,-6.167868805488014,-0.9668240936519825,0.8126486045647936,-10.560742556802559,20.49390012944953,8.672953764306817
-8.050738715258918,-0.29111288487298825,-2.171517094282825,-1.478649600494326,-5.962929804193519,-0.9586976076063346,0.8993781422078617,-8.993012888234903,19.687555895734665,8.342354543339928
-8.050738715258918,-0.3128280558158165,-2.261447223165174,-1.5382788985362612,-5.766054245236172,-0.949703826184256,0.982801687641261,-7.589131119431247,18.89074831127008,7.993890719971098
-8.050738715258918,-0.33544252804746827,-2.3373385343594864,-1.595939440988623,-5.577146762123472,-0.9398758093078433,1.062740594840972,-6.332725416680918,18.11350293949443,7.639272004313789
-8.050738715258918,-0.3588159133910631,-2.4006657885262954,-1.6517109086098576,-5.396011732728527,-0.9292484033594336,1.1391333148841098,-5.2075222271907124,17.361148755603743,7.286624239879916
-8.050738715258918,-0.3828225712763261,-2.4527410107982024,-1.7056710259371428,-5.22240024517249,-0.9178570702105925,1.211999557282909,-4.198140741561418,16.63601760615959,6.941440584333549
-8.050738715258918,-0.4073499813843081,-2.494722418213817,-1.7578950283888677,-5.056040069110894,-0.9057370746377634,1.2814139631262444,-3.290471142184065,15.938599493993118,6.607292621979295
-8.050738715258918,-0.4322972055664463,-2.5276271296356576,-1.8084554290799766,-4.896654074170963,-0.892922935006501,1.3474868893460374,-2.471810647054948,15.268311034840114,6.286355145798297
-8.050738715258918,-0.45757347686280286,-2.552345236106207,-1.8574219698216863,-4.743970963822562,-0.8794480661130406,1.4103504408040204,-1.7308637672201868,14.62399511472106,5.979791232977502
-8.050738715258918,-0.48309692922386493,-2.569653873778409,-1.9048616794599118,-4.597731012675352,-0.8653445617050004,1.4701483531337953,-1.0576706379761607,14.004236830557497,5.688034682121452
-8.050738715258918,-0.508793467961649,-2.5802305801581706,-1.9508389895866654,-4.457688644369777,-0.8506430781736625,1.5270286999550098,-0.44350101140529874,13.407555640752472,5.4109979111836095
-8.050738715258918,-0.5345957737632308,-2.5846655902722238,-1.995415876030363,-4.3236130879622525,-0.8353727911741123,1.5811386790668458,0.11926447604914173,12.832515342045484,5.148226008791197
-8.050738715258918,-0.560442429665953,-2.5834729455117325,-2.0386520069099854,-4.195287934541797,-0.8195614043834438,1.6326209391547577,0.6372537295967435,12.277780505286206,4.89901189455944
-8.050738715258918,-0.5862771591210704,-2.577100408215765,-2.0806048862554034,-4.072510129488935,-0.8032351949918962,1.681611058100352,1.1162169539991302,11.742138925353673,4.662483263371985
-8.050738715258918,-0.612048163203228,-2.5659382386757734,-2.121329987550293,-3.9550887402353987,-0.7864190844108927,1.7282358907340718,1.5611316831733484,11.22450333815574,4.437668872380382
-8.050738715258918,-0.6377075455899857,-2.55032692184404,-2.160880874952647,-3.8428437068538415,-0.7691367255035519,1.7726125794578755,1.9762979048154883,10.723901294445024,4.223549501208212
-8.050738715258918,-0.663210814808426,-2.530563942795885,-2.1993093120211853,-3.735604693909391,-0.7514105997089732,1.8148480744699576,2.365423147338179,10.239459062246599,4.019097345066963
-8.050738715258918,-0.6885164542363849,-2.506909711322503,-2.236665358960279,-3.6332101032869253,-0.7332621189642736,1.8550390479206271,2.731697949747899,9.770383344213117,3.8233065064281764
-8.050738715258918,-0.7135855513496099,-2.479592731825024,-2.2729974599931486,-3.5355062698447943,-0.7147117284850674,1.8932721129849088,3.0778624060521875,9.315943159151061,3.6352164965961413
-8.050738715258918,-0.7383814786678601,-2.4488141077645023,-2.3083525226915964,-3.442346838253284,-0.6957790073552182,1.9296242779508703,3.406264587311951,8.87545325319628,3.4539301425842557
-8.050738715258918,-0.7628696197455052,-2.414751461891383,-2.342775991074129,-3.353592305721321,-0.6764827645757095,1.964163579376713,3.718911668145814,8.448259741041257,3.2786269433657202
-8.050738715258918,-0.787017134364419,-2.377562345209925,-2.3763119141313425,-3.2691097083109084,-0.6568411287819425,1.99694984881037,4.017514561433554,8.033728237476888,3.108572680080569
-8.050738715258918,-0.8107927578165183,-2.3373871995955895,-2.4090030112144514,-3.1887724259361394,-0.6368716302938388,2.0280355756111756,4.303526818328667,7.631234458208075,2.94312592002287
-8.050738715258918,-0.8341666298124741,-2.2943519314123026,-2.440890735473813,-3.1124600813540586,-0.616591274537727,2.0574668348114042,4.578178493310187,7.240157099230061,2.7817419385879134
-8.050738715258918,-0.8571101491265971,-2.2485701464792007,-2.4720153362873534,-3.040058510361758,-0.5960166061896129,2.0852842541972834,4.842505612855462,6.859872711921678,2.6239744995266316
-8.050738715258918,-0.8795958505913891,-2.200145090350646,-2.502415921390971,-2.971459783242541,-0.5751637636476401,2.1115239991925496,5.0973758251202845,6.489752251624292,2.4694758704343296
-8.050738715258918,-0.9015973014948956,-2.1491713320994434,-2.5321305192233967,-2.906562260726298,-0.5540485236557146,2.1362187578968928,5.3435107487208455,6.129158972760725,2.317995400099049
-8.050738715258918,-0.92308901481589,-2.095736224612235,-2.56119614183066,-2.8452706709986906,-0.5326863360767456,2.1593987118978832,5.5815054823273105,5.777447360398323,2.1693769426384493
-8.050738715258918,-0.9440463770620123,-2.039921169788962,-2.589648848540647,-2.787496197394707,-0.5110923489577668,2.1810924813242676,5.811845683799764,5.433962817182056,2.0235553775783424
-8.050738715258918,-0.9644455887599019,-1.9818027129509646,-2.617523810514594,-2.7331565692228867,-0.48928142414452414,2.201328035100051,6.034922578250364,5.098041859163055,1.8805524436406522
-8.050738715258918,-0.9842636158894116,-1.921453487168461,-2.6448553762068228,-2.682176150631256,-0.4672681437935236,2.2201335595364577,6.251046208770644,4.769012609739558,1.7404720761786354
-8.050738715258918,-1.0034781507610961,-1.8589430250807546,-2.6716771377131354,-2.6344860245338606,-0.445066808198159,2.237538280298244,6.460457201595218,4.44619541480117,1.6034954134772084
-8.050738715258918,-1.0220675810119038,-1.7943384530648023,-2.698021997958474,-2.590024070385849,-0.42269142539517657,2.253573234433016,6.663337279092159,4.128903432473309,1.4698756152772428
-8.050738715258918,-1.0400109655425518,-1.7277050802738807,-2.7239222386623325,-2.5487350360611156,-0.4001556930508464,2.2682719905857884,6.8598187190407485,3.816443076683339,1.3399326177169313
-8.050738715258918,-1.0572880163452907,-1.6591068930834731,-2.7494095890229437,-2.510570605294282,-0.3774729731449885,2.281671316762958,7.049992927009293,3.5081142147838413,1.214047932259903
-8.050738715258918,-1.0738790852761255,-1.5886069638133802,-2.7745152950758865,-2.475489463146444,-0.35465625997735895,2.293811796085557,7.233918260086837,3.2032100357358755,1.0926595819347584
-8.050738715258918,-1.0897651549142593,-1.5162677812125118,-2.799270189707351,-2.443457362789085,-0.3317181420165034,2.3047383919049045,7.411627214542735,2.901016517190397,0.976257256155991
-8.050738715258918,-1.1049278327263845,-1.4421515090670844,-2.823704763335242,-2.414447197617181,-0.30867075809745437,2.3145009644664643,7.583133066965071,2.6008114276687895,0.8653777553192095
-8.050738715258918,-1.1193493478170553,-1.3663201783974337,-2.8478492353114135,-2.388439083340493,-0.2855257484527897,2.3231547420196565,7.748436037829181,2.301862804467228,0.7606007880312197
-8.050738715258918,-1.1330125496010297,-1.288835818019142,-2.8717336261448185,-2.365420455295821,-0.26229420103259315,2.330760749899969,7.907529028023093,2.0034268494544456,0.6625451769978739
-8.050738715258918,-1.1459009077812212,-1.209760527738911,-2.8953878306977767,-2.3453861868012766,-0.23898659353359347,2.337386201669948,8.060402962338312,1.7047451841571222,0.5718655239839728
-8.050738715258918,-1.1579985130586103,-1.1291564981155278,-2.9188416925657896,-2.3283387349597056,-0.215612731516894,2.3431048569097874,8.207051759020207,1.4050414029813796,0.48924937959449516
-8.050738715258918,-1.1692900780397657,-1.0470859805253256,-2.9421250799153866,-2.314288320929892,-0.19218168294779614,2.3479973507057323,8.347476930810108,1.1035168596481517,0.41541495958898594
-8.050738715258918,-1.179760937845019,-0.9636112112172246,-2.9652679631246857,-2.3032531523334105,-0.1687017094407388,2.352151500301622,8.481691810075757,0.7993456174869379,0.35110944566503566
-8.050738715258918,-1.189397049957191,-0.8787942931164671,-2.9883004946480196,-2.295259696158541,-0.1451801944377226,2.3556625947582726,8.609725378088317,0.49166848975665595,0.297107904685185
-8.050738715258918,-1.1981849928883557,-0.7926970393355839,-3.011253091609605,-2.290343011260975,-0.12162356849013986,2.3586336738051243,8.731625665587663,0.17958609238089707,0.25421285559988177
-8.050738715258918,-1.2061119632817114,-0.7053807826797073,-3.034156521722215,-2.2885471503371657,-0.09803723175208862,2.361175802361123,8.847462677608776,-0.13784917065429061,0.22325450706871516
-8.050738715258918,-1.2131657711085084,-0.6169061559036195,-3.0570419932255866,-2.2899256420437086,-0.07442547372847738,2.36340834743181,8.957330778975775,-0.46164226819915133,0.2050916799453096
-8.050738715258918,-1.2193348326675446,-0.5273328481138617,-3.0799412496460237,-2.2945420647257,-0.05079139025415928,2.365459264231263,9.06135045639331,-0.7928659225412223,0.20061341588583037
-8.050738715258918,-1.2246081611486832,-0.4367193435499286,-3.1028866702932807,-2.3024707239511124,-0.02713679761184665,2.3674653983901215,9.159669346668801,-1.1326722701564589,0.21074125426942794
-8.050738715258918,-1.2289753545841824,-0.34512265008324056,-3.125911377532792,-2.313797446652677,-0.003462143627945436,2.369572810932816,9.252462385599237,-1.4823058388303236,0.23643213139679098
-8.050738715258918,-1.2324265810850148,-0.2525980262272482,-3.149049351999319,-2.3286205050409805,0.02023358448138272,2.3719371322467837,9.339930884856491,-1.8431178362024545,0.27868181430492783
-8.050738715258918,-1.2349525613472874,-0.1591987173786833,-3.1723355570497285,-2.347051683403005,0.04395295580385056,2.374723950389833,9.422300279966503,-2.2165816783766097,0.3385287204300755
-8.050738715258918,-1.2365445485210742,-0.06497571457901827,-3.1958060738837584,-2.369217500186771,0.06770019530774889,2.3781092375941335,9.499816204677364,-2.6043095834281016,0.4170578851036873
-8.050738715258918,-1.2371943056668644,0.03002244746775537,-3.219498248885626,-2.395260596021052,0.09148128768369022,2.38227981644517,9.572738426843138,-3.0080698957155763,0.5154047091313355
-8.050738715258918,-1.236894081192187,0.12574983173618676,-3.2434508548458365,-2.4253412949782076,0.11530408584814192,2.3874338635364833,9.64133201653147,-3.4298045671174,0.6347579309080563
-8.050738715258918,-1.235636582874825,0.22216315190150146,-3.2677042677956187,-2.4596393406493817,0.13917842448350676,2.393781442845564,9.705854892395902,-3.871645863412954,0.7763609967139754
-8.050738715258918,-1.23341495135581,0.3192217008254605,-3.2923006612021126,-2.4983557992835115,0.1631162389119624,2.4015450528127036,9.766540586016259,-4.3359308343798,0.9415106137072004
-8.050738715258918,-1.2302227343475554,0.41688710668562307,-3.317284219194948,-2.5417151076273097,0.18713168944008943,2.4109601589497758,9.823574647478116,-4.825211308042215,1.131550713002465
-8.050738715258918,-1.2260538632806992,0.5151228531604042,-3.342701370271221,-2.5899672207077318,0.2112412910295872,2.4222756660798006,9.87706255178338,-5.342256034022535,1.347859255726443
-8.050738715258918,-1.2209026347490952,0.613893478678238,-3.3686010424782986,-2.643389781047957,0.2354640476903852,2.435754258637065,9.92698620735309,-5.890039955497499,1.5918241873753285
-8.050738715258918,-1.2147636999623128,0.7131633407517689,-3.3950349402887783,-2.702290180602932,0.25982159027675583,2.451672500510818,9.973145156746495,-6.471713223514848,1.8648032554988614
-8.050738715258918,-1.207632066554795,0.8128947923192339,-3.422057842094808,-2.7670073128380803,0.28433831528186404,2.4703205330658067,10.015077229178315,-7.090539198838321,2.1680601818273786
-8.050738715258918,-1.1995031186316027,0.913045564611017,-3.4497279152231886,-2.8379127048264636,0.3090415206125221,2.4920011348840805,10.051951688086858,-7.749785950499979,2.5026666072030803
-8.050738715258918,-1.1903726629854925,1.0135650814918855,-3.478107042271453,-2.9154105643314634,0.3339615319613629,2.5170278009561113,10.082425770532788,-8.452549217564554,2.869355055628034
-8.050738715258918,-1.1802370121705736,1.1143893391972135,-3.5072611479147677,-2.999936056507109,0.35913180997092403,2.5457213515123915,10.104452963712589,-9.201475988328076,3.2683026454855217
-8.050738715258918,-1.1690931187786016,1.2154338688343393,-3.537260508479839,-3.0919508163903897,0.38458902348604795,2.5784043779672468,10.115028596986672,-9.998346430973898,3.698818270164812
-8.050738715258918,-1.1569387800902582,1.316584154804206,-3.5681800166437427,-3.1919342807001287,0.4103730672657204,2.615392560668895,10.109855878814711,-10.843458013707053,4.158897668615498
-8.050738715258918,-1.1437729385422162,1.4176827135923533,-3.600099359450744,-3.3003688608371995,0.43652699287240937,2.65698153735505,10.082914572675143,-11.734740602249902,4.644602193515295
-8.050738715258918,-1.1295961114062927,1.5185118593191047,-3.633103048059116,-3.4177162668596983,0.4630968082459599,2.7034275592902026,10.025917474618245,-12.666519000618885,5.149210797265667
-8.050738715258918,-1.1144109928131016,1.6187710340652872,-3.667280210727713,-3.5443814568658873,0.4901310838388619,2.7549196672628593,9.927651120852952,-13.62783864278737,5.662096553495263
6.691263231416151,-1.0982232824724487,1.7180475452738166,-3.702724025296372,-3.680659843293761,0.5176802805114905,2.811540632797812,13.039207245279911,-15.96608778197165,11.967998295102554
6.691263231416151,-1.0810428070197104,1.8484396177266158,-3.7395306237293098,-3.8403207211134776,0.5457956868394687,2.9312206157488374,12.975203167799817,-17.10077953186326,12.601546994691304
6.691263231416151,-1.0625584108424444,1.978191649404614,-3.7779338309404444,-4.01132851643211,0.5751078929969571,3.0572360856957506,12.816415327266666,-18.198686075147386,13.189933912688494
6.691263231416151,-1.0427764943483984,2.1063558026772804,-3.8180471161047653,-4.193315377183584,0.6056802538539146,3.1891354248226356,12.526405754158493,-19.195434849325473,13.684983696313461
6.691263231416151,-1.0217129363216255,2.2316198602188653,-3.8599802698766013,-4.385269725676839,0.6375716081021409,3.32598526178577,12.060997763007872,-20.00321056049958,14.022717491649644
6.691263231416151,-0.9993967377194368,2.352229837848944,-3.90383296713337,-4.585301831281835,0.6708314607199986,3.4662124367022664,11.370595336356962,-20.511272043572596,14.12379984960734
6.691263231416151,-0.9758744393409474,2.4659357912125137,-3.9496859854461883,-4.790414551717561,0.7054935850870212,3.6074504351983396,10.406076395409979,-20.59395284467024,13.898790721754333
6.691263231416151,-0.9512150814288223,2.5699965551666137,-3.997590130963364,-4.996354080164263,0.7415680894390047,3.746438342415883,9.129494393728818,-20.130230390536465,13.260770409234938
6.691263231416151,-0.9255151158771562,2.661291499103902,-4.047553671765007,-5.197656384069628,0.7790324728631635,3.8790460465082326,7.529457743173208,-19.036439716804153,12.14636360172595
6.691263231416151,-0.8989022008861172,2.7365860765356342,-4.0995302356057035,-5.388020781237669,0.8178229333282457,4.000509682525492,5.638033781553947,-17.30664131546552,10.541852537471017
6.691263231416151,-0.8715363401207609,2.7929664143511737,-4.15341044341808,-5.561087194392324,0.8578280301535006,4.105928207900202,3.5421156768440234,-15.044857274078575,8.50470813739535
6.691263231416151,-0.8436066759772491,2.828387571119614,-4.209021315362003,-5.7115357671331095,0.8988873122325026,4.190975289274156,1.3803745074422995,-12.46730878097195,6.166931068674695
6.691263231416151,-0.815322800266053,2.842191316194037,-4.266136673033334,-5.836208854942829,0.9407970651252442,4.252644599960902,-0.6789310109968884,-9.861439744928893,3.7114798408277103
6.691263231416151,-0.7869008871041125,2.835402006084068,-4.324498761582762,-5.934823252392118,0.9833235111248532,4.2897593983691795,-2.4737633533631547,-7.512935884291759,1.3276906838676317
6.691263231416151,-0.7585468670432719,2.8106643725504368,-4.383846994106683,-6.009952611235035,1.0,0.0,-2.034072614000069,-6.603338068270086,-0.10107714050723438
6.691263231416151,-0.7304402233177675,2.790323646410436,-4.443946520219034,-6.075985991917736,1.0,-0.0010107714050723439,-3.073024047849503,-5.155857964952996,-2.016336762865487
6.691263231416151,-0.7025369868536631,2.759593405931941,-4.504706380138211,-6.127544571567266,0.9999898922859493,-0.021174139033727217,-3.659087195445233,-4.285110161369488,-3.6115521655590705
6.691263231416151,-0.6749410527943437,2.7230025339774886,-4.565981825853884,-6.170395673180961,0.999778150895612,-0.05728966068931792,-3.817042674731438,-3.9381823636305664,-4.90331332667587
6.691263231416151,-0.6477110274545688,2.684832107230174,-4.627685782585694,-6.209777496817266,0.9992052542887188,-0.10632279395607663,-3.5950577373177643,-4.026322833951093,-5.935643400831313
6.691263231416151,-0.620862706382267,2.6488815298569963,-4.6897835575538664,-6.2500407251567776,0.9981420263491579,-0.16567922796438977,-3.0476261172510464,-4.455058787271084,-6.761355661883022
6.691263231416151,-0.5943738910836971,2.618405268684486,-4.752283964805434,-6.294591313029488,0.9964852340695141,-0.23329278458322,-2.2243612786522586,-5.141478750298716,-7.430279353800544
6.691263231416151,-0.5681898383968522,2.5961616558979634,-4.815229877935729,-6.346006100532476,0.9941523062236819,-0.30759557812122545,-1.1643762427995095,-6.020715188678846,-7.983693336286369
6.691263231416151,-0.5422282218378726,2.584517893469968,-4.878689938941053,-6.406213252419264,0.9910763504424697,-0.38743251148408914,0.10548696264912576,-7.045796007320019,-8.452749604157143
6.691263231416151,-0.5163830429031728,2.5855727630964593,-4.942752071465246,-6.476671212492464,0.9872020253276288,-0.4719600075256606,1.5703185780185192,-8.184340941850747,-8.858826131405756
6.691263231416151,-0.4905273152722082,2.6012759488766446,-5.007518783590171,-6.558514621910971,0.9824824252523722,-0.5605482688397181,3.2258840843470207,-9.414142698944424,-9.214431631166287
6.691263231416151,-0.46451455578344175,2.6335347897201147,-5.07310392980928,-6.652656048900416,0.976876942563975,-0.652692585151381,5.077057799567678,-10.718463032597079,-9.523888475480875
6.691263231416151,-0.4381792078862406,2.6843053677157913,-5.139630490298284,-6.759840679226387,0.9703500167124611,-0.7479314699061897,7.136097264014089,-12.081079028151596,-9.783387899253619
6.691263231416151,-0.4113361542090827,2.755666340355932,-5.207228897090548,-6.880651469507903,0.9628707020133992,-0.8457653488987259,9.420542815991242,-13.480621256282221,-9.980180119260798
6.691263231416151,-0.38377949080552337,2.8498717685158446,-5.276035411785627,-7.015457682070725,0.9544130485244119,-0.9455671500913339,11.950154860978367,-14.883407497294687,-10.090716082027727
6.691263231416151,-0.35528077312036493,2.969373317125628,-5.346189988606334,-7.164291757043672,0.9449573770234986,-1.046474310911611,14.741798466332467,-16.233730516014546,-10.0775955045179
6.691263231416151,-0.32558703994910865,3.1167913017889526,-5.417832906176771,-7.326629062203817,0.9344926339143824,-1.14725026595679,17.800410925328464,-17.440517832168215,-9.885344706169143
6.691263231416151,-0.29441912693121913,3.2947954110422373,-5.4910991967988085,-7.501034240525499,0.9230201312548145,-1.2461037130184816,21.103022952983196,-18.359925753699947,-9.435641163744366
6.691263231416151,-0.26147117282079674,3.5058256405720694,-5.566109539204064,-7.684633498062499,0.9105590941246298,-1.3404601246559251,24.57132142147297,-18.776023546004016,-8.624232157899288
6.691263231416151,-0.22641291641507605,3.751538854786799,-5.642955874184689,-7.8723937335225385,0.8971544928780705,-1.426702446234918,28.027282747003188,-18.388943073844825,-7.325567532082597
6.691263231416151,-0.18889752786720806,4.031811682256831,-5.721679811519914,-8.056283164260988,0.8828874684157213,-1.499958121555744,31.12907296244687,-16.835715575374874,-5.418296032596634
6.691263231416151,-0.14857941104463976,4.3431024118813,-5.802242643162524,-8.224640320014736,0.8678878872001639,-1.5541410818817103,33.29878150684763,-13.79358365245528,-2.85347326958342
6.691263231416151,-0.10514838692582676,4.676090226949776,-5.884489046362671,-8.362576156539289,0.8523464763813468,-1.5826758145775446,33.693471392751704,-9.223209579635618,0.21776076739771355
6.691263231416151,-0.058387484656329,5.013024940877293,-5.968114807928064,-8.454808252335646,0.8365197182355713,-1.5804982069035673,31.338563020943695,-3.708213617237457,3.30344489803376
6.691263231416151,-0.008257235247556068,5.32641057108673,-6.052662890451421,-8.49189038850802,0.8207147361665356,-1.5474637579232298,25.56269997490061,1.4659685282054795,5.61865327299946
6.691263231416151,0.045006870463311234,5.582037570835736,-6.137581794336501,-8.477230703225965,0.8052400985873033,-1.4912772251932351,16.647045474916602,5.05548240554687,6.577479695927116
6.691263231416151,0.10082724617166859,5.7485080255849015,-6.222354101368761,-8.426675879170496,0.790327326335371,-1.425502428233964,6.1288316249053185,7.090466029490617,6.462283758875827
6.691263231416151,0.1583123264275176,5.809796341833954,-6.306620860160465,-8.35577121887559,0.7760723020530313,-1.3608795906452056,-3.782306251714032,8.870502724140737,6.326336706824105
6.691263231416151,0.21641028984585714,5.771973279316814,-6.390178572349221,-8.267066191634184,0.7624635061465793,-1.2976162235769646,-11.282821820395094,11.363668161535792,7.004004730001172
6.691263231416151,0.2741300226390253,5.659145061112863,-6.472849234265563,-8.153429510018826,0.7494873439108096,-1.2275761762769528,-15.639685879557112,14.255067000853892,8.484586996910618
6.691263231416151,0.33072147325015394,5.502748202317291,-6.554383529365751,-8.010878840010287,0.7372115821480401,-1.1427303063078467,-17.12373185237492,16.627968874103583,10.23513805224154
6.691263231416151,0.38574895527332687,5.331510883793542,-6.6344923177658535,-7.844599151269251,0.7257842790849616,-1.0403789257854312,-16.522712881604807,17.892555905404997,11.76547566150362
6.691263231416151,0.4390640641112623,5.166283754977494,-6.712938309278546,-7.665673592215201,0.7153804898271072,-0.922724169170395,-14.66767509890853,18.0023254345652,12.854200773695425
6.691263231416151,0.4907269016610373,5.019607003988408,-6.789595045200699,-7.485650337869549,0.7061532481354033,-0.7941821614334408,-12.192202519007056,17.216565780598753,13.49069982779685
6.691263231416151,0.5409229717009214,4.897684978798338,-6.864451548579394,-7.313484680063562,0.6982114265210688,-0.6592751631554723,-9.49538603331786,15.852959468731719,13.75666546290171
6.691263231416151,0.5898998214889047,4.80273111846516,-6.93758639538003,-7.154955085376245,0.6916186748895141,-0.5217085085264552,-6.7952169165354,14.170144906015611,13.748969276838807
6.691263231416151,0.6379271326735564,4.734778949299806,-7.009135946233792,-7.0132536363160884,0.6864015898042496,-0.38421881575806716,-4.194660491105366,12.343936561095912,13.547794680644712
6.691263231416151,0.6852749221665544,4.692832344388752,-7.079268482596953,-6.88981427070513,0.682559401646669,-0.24874086895162004,-1.732137719444192,10.481694398804398,13.20944883529643
6.691263231416151,0.7322032456104419,4.6755109671943105,-7.148166625304005,-6.784997326717086,0.6800719929571527,-0.11664638059865573,0.5861383643606224,8.644448376542236,12.768452789606785
6.691263231416151,0.778958355282385,4.681372350837917,-7.2160165985711755,-6.698552842951663,0.6789055291511662,0.01103814729741212,2.76692697913517,6.86613130090648,12.24150327868191
6.691263231416151,0.8257720787907642,4.709041620629268,-7.283002127000692,-6.629891529942599,0.6790159106241404,0.13345318008423124,4.818541319391773,5.168265860981505,11.63055764213369
6.691263231416151,0.8728624949970569,4.7572270338231855,-7.349301042300119,-6.578208871332784,0.6803504424249827,0.24975875650556814,6.743477439277347,3.5713793715650772,10.924297445047179
6.691263231416151,0.9204347653352888,4.824661808215959,-7.415083131013446,-6.542495077617133,0.6828480299900384,0.35900173095603993,8.53275700002028,2.1048963989198466,10.097953883411563
6.691263231416151,0.9686813834174484,4.909989378216162,-7.480508081789618,-6.521446113627935,0.6864380472995988,0.4599812697901556,10.160746965152244,0.8168354515379097,9.111808475820135
6.691263231416151,1.01778127719961,5.0115968478676844,-7.545722542925898,-6.5132777591125555,0.6910378599975003,0.5510993545483569,11.580202350546822,-0.21638492648087065,7.909137421833016
6.691263231416151,1.067897245678287,5.127398871373153,-7.6108553205170235,-6.5154416083773645,0.6965488535429839,0.630190728766687,12.718497073492074,-0.8816888233622002,6.415341000722603
6.691263231416151,1.1191712343920184,5.254583842108073,-7.676009736600797,-6.524258496610987,0.7028507608306508,0.6943441387739131,13.477741372201514,-1.0277281279986399,4.541756031746485
6.691263231416151,1.1717170728130992,5.389361255830089,-7.741252321566907,-6.534535777890973,0.70979420221839,0.7397616990913779,13.743553560772268,-0.47965448338992994,2.1998605673451763
6.691263231416151,1.2256106853714002,5.526796791437811,-7.806597679345816,-6.5393323227248725,0.7171918192093037,0.7617603047648297,13.408242904506396,0.9172359166859267,-0.6677976420597709
6.691263231416151,1.2808786532857783,5.660879220482875,-7.871991002573065,-6.530159963558013,0.724809422256952,0.755082328344232,12.410745511156293,3.2197402639787374,-4.039286689549093
6.691263231416151,1.3374874454906072,5.784986675594438,-7.937292602208645,-6.497962560918226,0.7323602455403944,0.714689461448741,10.784259627621129,6.295967589567672,-7.763452852826692
6.691263231416151,1.3953373122465516,5.892829271870649,-8.002272227817826,-6.435002885022549,0.7395071401548817,0.6370549329204741,8.686050365233331,9.780412876875587,-11.545565612497242
6.691263231416151,1.454265604965258,5.979689775522982,-8.066622256668053,-6.337198756253794,0.7458776894840865,0.5215992767955017,6.378702731678149,13.140622323251858,-15.005037028931346
6.691263231416151,1.514062502720488,6.043476802839764,-8.129994244230591,-6.205792533021275,0.7510936822520415,0.3715489065061882,4.156867412720588,15.85370613182789,-17.796426534630573
6.691263231416151,1.5744972707488856,6.085045476966969,-8.192052169560805,-6.047255471702996,0.7548091713171035,0.19358464115988247,2.256611866197303,17.590793010261585,-19.724813529441885
6.691263231416151,1.6353477255185553,6.107611595628942,-8.252524724277835,-5.87134754160038,0.7567450177287023,-0.003663494134536399,0.8005870936871201,18.29155593882665,-20.783402673302955
6.691263231416151,1.6964238414748447,6.115617466565813,-8.31123819969384,-5.688431982212113,0.756708382787357,-0.21149752086756596,-0.19936377573222985,18.10719490708796,-21.106061861439816
6.691263231416151,1.7575800161405029,6.113623828808491,-8.36812251951596,-5.507360033141233,0.7545934075786813,-0.42255813948196413,-0.8027219449835097,17.28451756494443,-20.885602874111026
6.691263231416151,1.8187162544285878,6.105596609358655,-8.423196119847374,-5.334514857491789,0.7503678261838617,-0.6314141682230744,-1.0966947760005756,16.069069068406943,-20.308320382926052
6.691263231416151,1.8797722205221743,6.09462966159865,-8.476541268422292,-5.173824166807719,0.7440536845016309,-0.8344973720523349,-1.1669172672012427,14.65630934948359,-19.5220374911009
6.691263231416151,1.940718517138161,6.082960488926638,-8.52827951009037,-5.027261073312883,0.7357087107811076,-1.0297177469633438,-1.0842257553629153,13.181354175504174,-18.63014060726253
6.691263231416151,2.0015481220274274,6.072118231373008,-8.578552120823499,-4.895447531557841,0.7254115333114741,-1.2160191530359692,-0.9019946748565002,11.727933471413788,-17.698298174229087
6.691263231416151,2.0622693043411573,6.063098284624443,-8.627506596139078,-4.778168196843703,0.7132513417811144,-1.3930021347782602,-0.6584133921741913,10.342604205917189,-16.764486843052904
6.691263231416151,2.122900287187402,6.056514150702701,-8.675288278107516,-4.674742154784531,0.6993213204333317,-1.5606470032087891,-0.38023871165992734,9.047623970880277,-15.84794753569931
6.691263231416151,2.183465428694429,6.052711763586101,-8.722035699655361,-4.584265915075728,0.6837148504012438,-1.7191264785657823,-0.0864489316693507,7.850556448265838,-14.955812148556404
6.691263231416151,2.24399254633029,6.051847274269408,-8.767878358806119,-4.50576035059307,0.666523585615586,-1.8686846000513464,0.20868437520379338,6.750734196404943,-14.087511878024857
6.691263231416151,2.304511019072984,6.053934118021446,-8.81293596231205,-4.438253008629021,0.6478367396150725,-2.009559718831595,0.49309678088250336,5.743291531176997,-13.237482204380655
6.691263231416151,2.3650503602531985,6.058865085830271,-8.85731849239834,-4.380820093317251,0.6277411424267565,-2.1419345408754014,0.7548191695707366,4.821446890175212,-12.396689783668563
6.691263231416151,2.4256390111115014,6.066413277525978,-8.901126693331513,-4.332605624415499,0.6063217970180025,-2.265901438712087,0.9800378335915425,3.977479481942685,-11.55341417984119
6.691263231416151,2.486303143886761,6.076213655861894,-8.944452749575667,-4.292830829596072,0.5836627826308816,-2.381435580510499,1.1511423303239077,3.2025671714523005,-10.693644751672437
6.691263231416151,2.54706528044538,6.087725079165133,-8.987381057871628,-4.260805157881549,0.5598484268257766,-2.4883720280272232,1.2446569777408436,2.4853774612100423,-9.801445318398132
6.691263231416151,2.6079425312370317,6.100171648942541,-9.029989109450444,-4.235951383269449,0.5349647065455044,-2.5863864812112047,1.2291132188905074,1.8090701537751284,-8.85970579671784
6.691263231416151,2.668944247726457,6.1124627811314465,-9.072348623283139,-4.217860681731698,0.5091008417333924,-2.674983539178383,1.0632377501659853,1.1463170064175408,-7.851806996405752
6.691263231416151,2.7300688755377713,6.123095158633106,-9.114527230100455,-4.2063975116675225,0.4823510063416086,-2.7535016091424405,0.6954068613928416,0.4524606300920228,-6.764734373311573
6.691263231416151,2.7912998271241025,6.130049227247034,-9.156591205217131,-4.201872905366602,0.4548159902501842,-2.8211489528755562,0.06619926414713301,-0.34117745209117883,-5.593739069728959
6.691263231416151,2.852600319396573,6.130711219888505,-9.198609934270797,-4.205284679887514,0.42660450072142864,-2.877086343572846,-0.8831765626965135,-1.327571654093528,-4.347169971845975
6.691263231416151,2.913907431595458,6.12187945426154,-9.240662781069672,-4.218560396428449,0.3978336372857002,-2.920558043291306,-2.1937807024514133,-2.605415611315647,-3.047274449109773
6.691263231416151,2.9751262261380735,6.099941647237026,-9.282848385033956,-4.244614552541606,0.36862805685278716,-2.9510307877824036,-3.863230292813373,-4.227337189683806,-1.7203251785835427
6.691263231416151,3.0361256426104437,6.061309344308892,-9.325294530559372,-4.286887924438444,0.3391177489749631,-2.968234039568239,-5.818780870229284,-6.117686640010297,-0.37323525048904393
6.691263231416151,3.0967387360535326,6.003121535606599,-9.368163409803756,-4.3480647908385475,0.3094354085792807,-2.9719663920731296,-7.905371566351262,-8.008052889961975,1.030300583445836
6.691263231416151,3.1567699514095984,5.924067819943087,-9.411644057712142,-4.428145319738167,0.2797157446585494,-2.9616633862386714,-9.904693157876302,-9.476256836255182,2.5637556132150423
6.691263231416151,3.216010629609029,5.825020888364324,-9.455925510909523,-4.522907888100719,0.2500991107961627,-2.936025830106521,-11.584863336964009,-10.124079051376345,4.2848642271395905
6.691263231416151,3.2742608384926726,5.709172254994684,-9.50115458979053,-4.624148678614483,0.2207388524950975,-2.8931771878351253,-12.759411346802924,-9.791068184598329,6.169901818748092
6.691263231416151,3.3313525610426193,5.581578141526655,-9.547396076576675,-4.722059360460466,0.19180708061674626,-2.8314781696476445,-13.3297927462153,-8.63666232907545,8.097360256531754
6.691263231416151,3.387168342457886,5.448280214064502,-9.59461667018128,-4.808425983751221,0.1634922989202698,-2.750504567082327,-13.29754019294786,-7.0366183016033945,9.899720708881432
6.691263231416151,3.441651144598531,5.3153048121350235,-9.642700930018792,-4.878792166767255,0.13598725324944655,-2.651507359993513,-12.746286387482783,-5.3967414681396,11.438438439560334
