th1 (rad),w1 (rad/s),th2 (rad),w2 (rad/s),a1 (rad/s^2),a2 (rad/s^2)
3.73926260791987,1.7894164577082339,2.1319756657427607,-3.111265938280982,0.5852817294379561,-5.075722915598729
3.7571567724969523,1.7952692750026134,2.1008630063599507,-3.1620231674369697,0.4555345758916156,-5.205060107228033
3.7751094652469783,1.7998246207615296,2.069242774685581,-3.21407376850925,0.32283857861632087,-5.3542603968484155
3.7931077114545935,1.8030530065476928,2.0371020370004884,-3.2676163724777343,0.18666241569812056,-5.523930932653773
3.8111382415200703,1.804919630704674,2.004425873275711,-3.322855681804272,0.046558819860962435,-5.714597727673664
3.829187437827117,1.8053852189032835,1.9711973164576684,-3.3800016590810085,-0.09777784174162342,-5.926645069129198
3.8472412900161497,1.8044074404858672,1.9373972998668583,-3.4392681097723004,-0.24643412647344526,-6.160227503258071
3.8652853644210086,1.8019430992211327,1.9030046187691352,-3.500870384804881,-0.39917337395139213,-6.415145688041184
3.88330479541322,1.7979513654816188,1.8679959149210863,-3.5650218416852932,-0.555296245286033,-6.690674985003332
3.901284309068036,1.7923984030287585,1.8323456965042333,-3.6319285915353268,-0.7134553747977972,-6.985332969320218
3.9192082930983236,1.7852638492807806,1.7960264105888801,-3.701781921228529,-0.8714116914664118,-7.2965693963815115
3.9370609315911316,1.7765497323661166,1.759008591376595,-3.7747476151923443,-1.0257187104303296,-7.6203602699247055
3.9548264289147927,1.7662925452618132,1.7212611152246715,-3.8509512178915912,-1.1713214780521592,-7.950687850808354
3.972489354367411,1.7545793304812916,1.6827516030457557,-3.9304580963996747,-1.3010606716232274,-8.278893094260612
3.990035147672224,1.7415687237650592,1.643447022081759,-4.013247027342281,-1.4050825361679413,-8.592900002424852
4.007450834909875,1.7275178984033799,1.6033145518083363,-4.099176027366529,-1.4701763070425204,-8.876338651274638
4.0247260138939085,1.7128161353329547,1.562322791534671,-4.187939413879276,-1.479098517799938,-9.107643305784128
4.041854175247238,1.6980251501549553,1.5204433973958782,-4.279015846937117,-1.4100049301284145,-9.259283396408293
4.0588344267487875,1.683925100853671,1.4776532389265071,-4.3716086809012005,-1.2362006008237818,-9.297405129994221
4.075673677757324,1.6715630948454332,1.433937152117495,-4.464582732201142,-0.9265333607078148,-9.182316249404835
4.092389308705778,1.6622977612383552,1.3892913247954837,-4.556405894695191,-0.44687246653881274,-8.870405807048561
4.109012286318162,1.657829036572967,1.3437272658485317,-4.645109952765676,0.23682630175399047,-8.318177212074271
4.125590576683892,1.660197299590507,1.297276166320875,-4.728291724886419,1.1534710068257767,-7.488945115482711
4.142192549679796,1.6717320096587647,1.2499932490720107,-4.803181176041246,2.3198059960061914,-6.362217760065899
4.158909869776384,1.6949300696188265,1.2019614373115983,-4.866803353641905,3.7322189242235257,-4.9447187302980415
4.175859170472572,1.7322522588610618,1.1532934037751792,-4.916250540944885,5.359314130926601,-3.280506021358179
4.193181693061183,1.785845400170328,1.1041308983657303,-4.9490556011584665,7.1381773093481,-1.4563021104010436
4.211040147062886,1.8572271732638088,1.0546403423541457,-4.963618622262477,8.977342173091339,0.4020024816779484
4.229612418795524,1.9470005949947222,1.005004156131521,-4.959598597445698,10.767935225222127,2.143708140967161
4.249082424745471,2.0546799472469437,0.955408170157064,-4.938161516036026,12.40142068593212,3.616525080658332
4.26962922421794,2.1786941541062648,0.9060265549967038,-4.901996265229443,13.78916083855051,4.6923734014607446
4.291416165759003,2.31658576249177,0.8570065923444093,-4.8550725312148355,14.877657467431431,5.287636853515183
4.31458202338392,2.465362337166084,0.808455867032261,-4.802196162679683,15.654950377292618,5.371801247261752
4.339235646755581,2.6219118409390103,0.7604339054054642,-4.748478150207066,16.147347065074488,4.963248140076391
4.365454765164971,2.7833853115897553,0.7129491239033935,-4.698845668806302,16.40923043229489,4.115690578915787
4.393288618280868,2.947477615912704,0.6659606672153304,-4.657688763017145,16.51033895178882,2.900951315705292
4.422763394439995,3.1125810054305925,0.619383779585159,-4.628679249860092,16.524385172509458,1.393140567572991
4.453889204494301,3.277824857155687,0.5730969870865581,-4.614747844184362,16.521160817606315,-0.3429377269448143
4.4866674530658575,3.4430364653317502,0.5269495086447145,-4.61817722145381,16.562550755334993,-2.258596303272958
4.521097817719175,3.6086619728851,0.48076773643017634,-4.64076318448654,16.701799259404698,-4.3241935009471
4.557184437448027,3.775679965479147,0.43436010458531094,-4.68400511949601,16.98500527151318,-6.52962652001557
4.594941237102818,3.9455300181942787,0.38752005339035084,-4.7493013846961665,17.453928444456704,-8.883772848290494
4.63439653728476,4.1200693026388455,0.3400270395433892,-4.838139113179071,18.149491992923785,-11.41395058630042
4.675597230311149,4.301564222568083,0.29164564841159846,-4.952278619042076,19.11569118378086,-14.166141071468674
4.71861287253683,4.492721134405891,0.24212286222117768,-5.093940029756762,20.403875402557794,-17.2064773673086
4.763540083880889,4.696759888431469,0.19118346192361005,-5.266004803429849,22.077540202774045,-20.62435203450886
4.810507682765204,4.91753529045921,0.13852341388931155,-5.472248323774937,24.217817238519906,-24.537361220495878
4.8596830356697955,5.159713462844409,0.08380093065156219,-5.717621935979896,26.929688189034117,-29.097987769948475
4.91128017029824,5.42901034473475,0.026624711291763234,-6.00860181367938,30.34827058976046,-34.500962101473895
4.965570273745588,5.732493050632355,-0.03346130684503057,-6.35361143469412,34.64247967288165,-40.98740684061657
5.0228952042519115,6.078917847361171,-0.09699742119197177,-6.763485503100285,40.007676937955026,-48.83395616097269
5.083684382725523,6.478994616740722,-0.1646322762229746,-7.251825064710012,46.62358234581841,-58.293641650191894
5.14847432889293,6.945230440198906,-0.2371505268700747,-7.834761481211931,54.5138683027653,-69.3995588484038
5.217926633294919,7.490369123226559,-0.31549814168219403,-8.528757069695969,63.14830795379854,-81.40831789340048
5.292830324527184,8.121852202764545,-0.4007857123791537,-9.342840248629974,70.45048630279685,-91.41011615633269
5.37404884655483,8.826357065792514,-0.49421411486545347,-10.256941410193301,70.8469140563593,-91.5916593794601
5.462312417212755,9.534826206356108,-0.5967835289673865,-11.172858003987901,53.75544338293387,-67.10647557169497
5.557660679276316,10.072380640185447,-0.7085121090072655,-11.843922759704851,10.738069921031597,-6.085495360376135
5.65838448567817,10.179761339395762,-0.826951336604314,-11.904777713308613,-42.71514676190252,69.86284871555321
5.760182099072128,9.752609871776738,-0.9459991137374001,-11.20614922615308,-72.4082363790487,113.01850342268105
5.857708197789895,9.02852750798625,-1.0580606059989308,-10.07596419192627,-72.38722303284278,115.11400273206647
5.947993472869758,8.304655277657822,-1.1588202479181935,-8.924824164605605,-60.117525653695374,100.4292840434598
6.031040025646336,7.7034800211208685,-1.2480684895642495,-7.920531324171007,-46.87671542478121,84.58705093152443
6.108074825857544,7.234712866873056,-1.3272738028059596,-7.074660814855763,-35.7652429980788,71.87102675005755
6.180421954526275,6.877060436892268,-1.3980204109545173,-6.355950547355188,-26.93271572468851,62.49153155321051
6.2491925588951975,6.607733279645383,-1.4615799164280692,-5.731035231823083,-19.90290463506162,55.79732868708398
6.315269891691651,6.408704233294767,-1.5188902687463,-5.173061944952243,-14.198750608155445,51.13164483242249
6.379356934024599,6.266716727213212,-1.5706208881958224,-4.6617454966280185,-9.457310838871894,47.984455440419715
6.442024101296731,6.172143618824493,-1.6172383431621025,-4.181900942223821,-5.424387326615091,45.979213311315064
6.503745537484976,6.117899745558343,-1.6590573525843406,-3.722108809110671,-1.9301364501959244,44.83325501682481
6.56492453494056,6.098598381056384,-1.6962784406754474,-3.273776258942423,1.1319652384850578,44.322720632235004
6.625910518751124,6.109918033441234,-1.7290162032648717,-2.8305490526200727,3.8200449669087484,44.256377627223046
6.687009699085537,6.148118483110322,-1.7573216937910725,-2.3879852763478424,6.154204634099414,44.45743149249017
6.74849088391664,6.209660529451316,-1.781201546554551,-1.9434109614229407,8.124488499860327,44.75218705897255
6.810587489211153,6.290905414449919,-1.8006356561687804,-1.4958890908332152,9.698362766395938,44.96512308798598
6.873496543355652,6.387889042113879,-1.8155945470771127,-1.0462378599533553,10.829155473120256,44.9204150301948
6.937375433776791,6.496180596845082,-1.8260569256766461,-0.5970337096514072,11.466221737045904,44.449803393238874
7.002337239745241,6.610842814215541,-1.8320272627731602,-0.1525356757190185,11.566652674899096,43.405847507755375
7.068445667887397,6.726509340964532,-1.8335526195303504,0.28152279935853525,11.107242372523865,41.678202029999845
7.135710761297042,6.837581764689771,-1.830737391536765,0.6983048196585337,10.094502653203419,39.20914370124884
7.204086578943939,6.938526791221806,-1.8237543433401797,1.0903962566710221,8.570244090625025,36.00395044564305
7.273471846856157,7.024229232128056,-1.8128503807734695,1.4504357611274528,6.610960015140255,32.13255128341858
7.343714139177438,7.090338832279459,-1.798346023162195,1.7717612739616386,4.320848464573594,27.721151013808562
7.414617527500233,7.133547316925195,-1.7806284104225787,2.0489727840997243,1.820156160924211,22.935482025794073
7.485953000669484,7.151748878534437,-1.7601386825815815,2.2783276043576652,-0.7682094849901189,17.959679859551525
7.557470489454829,7.1440667836845355,-1.7373554065380048,2.4579244029531804,-3.330717194356974,12.975546928991479
7.628911157291674,7.110759611740966,-1.712776162508473,2.587679872243095,-5.771728372014573,8.146045894929086
7.700018753409084,7.053042328020821,-1.686899363786042,2.669140331192386,-8.017726417459572,3.604945053165785
7.770549176689292,6.972865063846225,-1.6602079604741182,2.705189781724044,-10.017735049012714,-0.5474135365103471
7.840277827327754,6.872687713356098,-1.6331560626568777,2.6997156463589405,-11.741103379042695,-4.243556328004976
7.909004704461315,6.755276679565671,-1.6061589061932884,2.6572800830788905,-13.173963130471352,-7.445337385811887
7.976557471256972,6.623537048260957,-1.5795861053624995,2.5828267092207717,-14.315408762946198,-10.139056278246356
8.042792841739582,6.480382960631495,-1.553757838270292,2.481436146438308,-15.174052435024317,-12.330398874249605
8.107596671345897,6.3286424362812514,-1.528943476805909,2.358132157695812,-15.765235538365642,-14.03984599231879
8.17088309570871,6.170990080897595,-1.505362155228951,2.217733697772624,-16.108917669508664,-15.298786731754705
8.232592996517687,6.009900904202508,-1.4831848182512246,2.064745830455077,-16.228123357164737,-16.146322371810705
8.292692005559712,5.847619670630861,-1.4625373599466738,1.90328260673697,-16.147781883330676,-16.626635256830944
8.35116820226602,5.686141851797554,-1.443504533879304,1.7370162541686605,-15.89381113346502,-16.786781775987844
8.408029620783996,5.527203740462904,-1.4261343713376173,1.569148436408782,-15.492340890724781,-16.674804229561957
8.463301658188625,5.372280331555657,-1.4104428869735295,1.4024003941131624,-14.969020978231807,-16.338107243370736
8.517024461504182,5.222590121773338,-1.3964188830323978,1.239019321679455,-14.348400761059143,-15.82208744421086
8.569250362721915,5.079106114162747,-1.3840286898156033,1.0807984472373464,-13.653392201527144,-15.169029516838298
8.620041423863542,4.942572192147476,-1.37322070534323,0.9291081520689635,-12.90483837827945,-14.41728625748392
8.669467145785017,4.813523808364681,-1.3639296238225402,0.7849352894941243,-12.121206471772398,-13.600749624180482
8.717602383868664,4.692311743646957,-1.356080270927599,0.6489277932523194,-11.31841379103507,-12.74860143252661
8.764525501305133,4.5791276057366055,-1.3495909929950758,0.5214417789270533,-10.509782559846077,-11.885313354989727
8.8103167773625,4.474029780138145,-1.3443765752058052,0.4025886453771561,-9.70610779571561,-11.03085132469033
8.85505707516388,4.376968702180989,-1.3403506887520336,0.29228013213025283,-8.915814926549452,-10.20103177120993
8.89882676218569,4.287810552915494,-1.337427887430731,0.19026981441815355,-8.145180438570076,-9.407976457051534
8.941704867714845,4.2063587485297935,-1.3355251892865496,0.09619004984763821,-7.398589333137867,-8.660617632731825
8.983768455200144,4.1323728551984145,-1.3345632887880732,0.00958387352031996,-6.67880638684635,-7.965213709390527
9.025092183752127,4.065584791329951,-1.33446745005287,-0.07006826357358531,-5.987242920036589,-7.325845601541643
9.065748031665427,4.005712362129585,-1.3351681326886058,-0.14332671958900173,-5.3242059135704904,-6.744873687046985
9.105805155286722,3.95247030299388,-1.3366013998844959,-0.21077545645947157,-4.689121110389738,-6.223343908868205
9.14532985831666,3.9055790918899826,-1.3387091544490906,-0.2730088955481536,-4.080725758775615,-5.761338386761298
9.18438564923556,3.8647718343022266,-1.341439243404572,-0.3306222794157666,-3.4972297278623388,-5.358270914500851
9.223033367578582,3.8297995370236033,-1.3447454661987297,-0.3842049885607751,-2.9364458681491548,-5.013131052270212
9.261331362948818,3.8004350783421117,-1.3485875160843375,-0.43433629908347726,-2.3958918225385717,-4.724682481201492
9.299335713732239,3.776476160116726,-1.3529308790751722,-0.4815831238954922,-1.8728661837303742,-4.491622202282313
9.337100475333406,3.757747498279422,-1.3577467103141272,-0.5264993459183153,-1.3645021123153813,-4.312707347901625
9.374677950316201,3.744102477156268,-1.3630117037733103,-0.5696264193973315,-0.8678014281666449,-4.186856092430107
9.412118975087763,3.735424462874602,-1.3687079679672836,-0.6114949803216325,-0.37965188864956223,-4.1132285981786
9.44947321971651,3.7316279439881064,-1.3748229177704998,-0.6526272663034185,0.10317003556769962,-4.091293255104154
9.48678949915639,3.732659644343783,-1.381349190433534,-0.69354019885446,0.5840090139748828,-4.120882754733299
9.524116095599828,3.738499734483532,-1.3882845924220786,-0.7347490264017931,1.066351887608349,-4.202243824708162
9.561501092944663,3.7491632533596153,-1.3956320826860966,-0.7767714646488747,1.5538587917883149,-4.336083745510118
9.59899272547826,3.7647018412774984,-1.4033997973325854,-0.8201323021039759,2.0504035502487663,-4.5236160438399216
9.636639743891035,3.785205876779986,-1.4116011203536252,-0.8653684625423751,2.5601226364086522,-4.76660693488343
9.674491802658835,3.8108071031440724,-1.4202548049790489,-0.9130345318912094,3.087471882191259,-5.067423040205145
9.712599873690277,3.841681821965985,-1.4293851502979609,-0.9637087622932609,3.637289637984801,-5.429079429402741
9.751016691909937,3.878054718345833,-1.4390222379208935,-1.0179995565872884,4.214864032737721,-5.855284783425055
9.789797239093396,3.9202033586732106,-1.4492022334867662,-1.0765524044215389,4.825999991810001,-6.350476910117871
9.828999272680129,3.9684633585913107,-1.4599677575309817,-1.1400571735227176,5.477078148806175,-6.919836077186757
9.868683906266043,4.0232341400793725,-1.471368329266209,-1.2092555342945852,6.175091761272742,-7.569254240648201
9.908916247666836,4.0849850576921,-1.4834608846091548,-1.2849480767010673,6.9276376180741055,-8.305222943016732
9.949766098243757,4.154261433872841,-1.4963103653761656,-1.3680003061312345,7.742820139679398,-9.134577763559236
9.991308712582486,4.2316896352696345,-1.509990368437478,-1.4593460837668268,8.629000342604636,-10.063996939099239
10.033625608935182,4.317979638695681,-1.5245838292751464,-1.5599860531578191,9.594276772324985,-11.09908728129108
10.076805405322139,4.413922406418931,-1.5401836898067245,-1.6709769259707299,10.645514683443688,-12.242788930201504
10.120944629386328,4.520377553253367,-1.5568934590664318,-1.7934048152727449,11.786630466614714,-13.492675013419015
10.16614840491886,4.638243857919514,-1.5748275072191593,-1.928331565406935,13.015678105885046,-14.836496282594712
10.212530843498056,4.768400638978365,-1.5941108228732286,-2.0766965282328824,14.320071386232028,-16.245023637369094
10.26021484988784,4.911601352840686,-1.6148777881555574,-2.2391467646065735,15.669050116575992,-17.660934288687397
10.309330863416246,5.068291854006445,-1.637269255801623,-2.4157561074934475,17.00242211280823,-18.98240536220913
10.36001378195631,5.238316075134528,-1.6614268168765576,-2.605580161115539,18.21513096251502,-20.040863953772895
10.412396942707655,5.420467384759679,-1.687482618487713,-2.805988800653268,19.13930049249813,-20.57540743280864
10.466601616555252,5.61186038968466,-1.7155425064942456,-3.0117428749813544,19.53075564877279,-20.214119815403567
10.522720220452099,5.807167946172387,-1.7456599352440592,-3.21388407313539,19.077015028762748,-18.486833544552375
10.580791899913823,5.997938096460015,-1.777798775975413,-3.3987524085809135,17.455282263929732,-14.910326477431234
10.640771280878424,6.172490919099312,-1.8117863000612222,-3.547855673355226,14.465801417466771,-9.182291072944963
10.702496190069416,6.317148933273979,-1.8472648567947745,-3.6396785840846757,10.217599227548815,-1.451138161755089
10.765667679402156,6.419324925549468,-1.8836616426356212,-3.6541899657022268,5.246691992085771,7.510236952791538
10.82986092865765,6.471791845470325,-1.9202035422926436,-3.579087596174311,0.4032957789897821,16.46198578623809
10.894578847112353,6.475824803260223,-1.9559944182543867,-3.4144677383119304,-3.4983180743549913,24.19849265461848
10.959337095144955,6.440841622516673,-1.990139095637506,-3.1724828117657458,-6.018939427360021,30.040508518106357
11.023745511370121,6.380652228243073,-2.0218639237551637,-2.872077726584682,-7.1708972171686955,33.95568836067613
11.087552033652551,6.308943256071386,-2.0505847010210103,-2.532520842977921,-7.252795857798988,36.33071858502218
11.150641466213266,6.236415297493396,-2.0759099094507896,-2.1692136571276994,-6.638257741551442,37.6710385864292
11.2130056191882,6.170032720077882,-2.0976020460220663,-1.7925032712634075,-5.647987769894073,38.4145357601978
11.274705946388979,6.113552842378941,-2.1155270787347003,-1.4083579136614295,-4.511712871583895,38.87208014525589
11.335841474812769,6.068435713663102,-2.1296106578713148,-1.0196371122088705,-3.3780000997769037,39.23718481677202
11.3965258319494,6.034655712665333,-2.1398070289934035,-0.6272652640411502,-2.337755009716764,39.616605104051025
11.456872389076054,6.011278162568165,-2.146079681633815,-0.23109921300063996,-1.4457444390809235,40.059359402821414
11.516985170701735,5.996820718177355,-2.148390673763821,0.1694943810275742,-0.7360343305690261,40.577975279052936
11.576953377883509,5.9894603748716655,-2.1466957299535454,0.5752741338181036,-0.23180917229401038,41.162387625603934
11.636847981632226,5.987142283148725,-2.1409429886153646,0.9868980100741429,0.04888988453698838,41.78857163459933
11.696719404463712,5.987631181994095,-2.131074008514623,1.4047837264201362,0.09012866042865188,42.42386178183677
11.756595716283654,5.988532468598382,-2.117026171250422,1.8290223442385038,-0.12322563930737972,43.03037324537461
11.816481040969638,5.987300212205308,-2.098735947808037,2.25932607669225,-0.6057007782539838,43.56745336579454
11.876354043091691,5.981243204422768,-2.0761426870411146,2.6950006103501956,-1.3706941922610296,43.99373560491998
11.936166475135918,5.967536262500158,-2.0491926809376126,3.1349379663993955,-2.429477197789554,44.26912721591147
11.99584183776092,5.943241490522262,-2.0178433012736186,3.5776292385585102,-3.789911169810643,44.35689743537441
12.055274252666143,5.905342378824156,-1.9820670088880334,4.021198212912254,-5.455032140521755,44.22591626120493
12.114327676454385,5.850792057418938,-1.941855026758911,4.463457375524303,-7.421658485923553,43.85300702967266
12.172835597028575,5.776575472559703,-1.897220453003668,4.90198744582103,-9.679185313294202,43.22531048589299
12.230601351754173,5.679783619426761,-1.8482005785454578,5.33424055067996,-12.20873848715046,42.34251147789504
12.28739918794844,5.557696234555256,-1.7948581730386581,5.7576656654589105,-14.982862538738507,41.21875313706443
12.342976150293993,5.407867609167871,-1.7372815163840691,6.169853196829555,-17.965903021116777,39.88406068466361
12.397054826385672,5.228208578956703,-1.6755829844157737,6.568693803676191,-21.115209753913376,38.38512157006368
12.449336912175239,5.01705648141757,-1.6098960463790117,6.952545019376828,-24.38322969468578,36.78532328503652
12.499507476989415,4.773224184470712,-1.5403705961852434,7.320398252227193,-27.720477291077835,35.16403477155835
12.547239718834122,4.496019411559934,-1.4671666136629715,7.672038599942776,-31.079271282476935,33.61522610798475
12.592199912949722,4.185226698735165,-1.3904462276635439,8.008190861022623,-34.418019774954395,32.24563954414783
12.634052179937074,3.841046500985621,-1.3103643190533176,8.3306472564641,-37.705730787172584,31.17282594708544
12.672462644946929,3.4639891931138953,-1.2270578464886766,8.642375515934955,-40.926325822830584,30.523399859723998
12.707102536878068,3.0547259348855893,-1.140634091329327,8.947609514532195,-44.08221508158546,30.43177060576366
12.737649796226924,2.6139037840697346,-1.051157996184005,9.251927220589831,-47.19636987106107,31.03924450983438
12.76378883406762,2.1419400853591237,-0.9586387239781067,9.562319665688175,-50.311590980677515,32.492496832079816
12.785208234921212,1.6388241755523487,-0.8630155273212249,9.887244634008974,-53.48435552992577,34.93839534754502
12.801596476676735,1.103980620253091,-0.7641430809811351,10.236628587484425,-56.76753525063759,38.507717149057484
12.812636282879266,0.5363052677467152,-0.661776795106291,10.621705758975,-60.169380005415974,43.27064630365776
12.817999335556733,-0.06538853230744457,-0.555559737516541,11.054412222011578,-63.561724102609766,49.126764645097275
12.817345450233658,-0.7010057733335422,-0.4450156152964252,11.545679868462551,-66.48393707567503,55.55473039248304
12.810335392500322,-1.3658451440902923,-0.32955881661179964,12.101227172387382,-67.75771265554812,61.09985326785879
12.796676941059419,-2.0434222706457734,-0.20854654488792582,12.71222570506597,-64.86969119977478,62.52579925880087
12.776242718352961,-2.692119182643521,-0.0814242878372661,13.33748369765398,-53.515198547389126,54.13924825577978
12.749321526526526,-3.2272711681174124,0.05195054913927369,13.878876180211778,-29.075666667796476,29.67815795644756
12.717048814845352,-3.5180278347953773,0.19073931094139146,14.175657759776254,7.445752110792621,-9.793394138530518
12.681868536497399,-3.443570313687451,0.332495888539154,14.077723818390949,43.98764352243762,-48.70785821551675
12.647432833360524,-3.003693878463075,0.47327312672306354,13.590645236235781,66.59773902195445,-69.45615056978967
12.617395894575893,-2.3377164882435304,0.6091795790854213,12.896083730537885,73.637472960509,-70.96366149972846
12.594018729693458,-1.6013417586384404,0.7381404163908002,12.1864471155406,71.96976229578948,-62.82302619190854
12.578005312107074,-0.8816441356805456,0.8600048875462062,11.558216853621515,67.37225753700945,-52.55700800656364
12.569188870750269,-0.20792156031045106,0.9755870560824214,11.032646773555879,62.46417780308249,-43.318604679159854
12.567109655147163,0.41672021772037393,1.0859135238179802,10.59946072676428,58.05589258844329,-35.922003875052866
12.571276857324367,0.9972791436048069,1.191908131085623,10.24024068801375,54.249171788871955,-30.340304852710815
12.581249648760416,1.5397708614935264,1.2943105379657605,9.936837639486642,50.925153406150514,-26.32751910780584
12.596647357375351,2.0490223955550313,1.393678914360627,9.673562448408584,47.92168144679052,-23.622790167766684
12.617137581330901,2.5282392100229365,1.4904145388447128,9.437334546730916,45.09055667612587,-22.002090834766797
12.64241997343113,2.979144776784195,1.584787884312022,9.21731363838325,42.313013816825055,-21.281427208651774
12.672211421198972,3.4022749149524456,1.6769610206958545,9.00449936629673,39.50174726327178,-21.30750412101323
12.706234170348496,3.7972923875851636,1.7670060143588218,8.791424325086599,36.59904456636994,-21.947385005711013
12.744207094224349,4.163282833248863,1.8549202576096877,8.571950475029489,33.573943410085164,-23.080431554411682
12.785839922556837,4.499022267349715,1.9406397623599827,8.341146159485373,30.419089536647952,-24.593119703193555
12.830830145230335,4.803213162716195,2.0240512239548365,8.095214962453436,27.147318040424718,-26.37647693612589
12.878862276857497,5.074686343120442,2.105003373579371,7.831450193092177,23.78788928308804,-28.32562016618124
12.9296091402887,5.312565235951323,2.183317875510293,7.548193991430365,20.3824021557743,-30.340795655328712
12.982734792648214,5.516389257509066,2.2587998154245965,7.244786034877078,16.98052814416576,-32.32932134734406
13.037898685223306,5.686194538950724,2.3312476757733673,6.921492821403637,13.63579476659829,-34.207882815331615
13.094760630612813,5.822552486616707,2.4004626039874037,6.579413993250321,10.40167397796552,-35.90472774577991
13.15298615547898,5.926569226396362,2.466256743919907,6.2203667157925215,7.328202844396309,-37.361426046869916
13.212251847742943,5.999851254840325,2.528460411077832,5.846752455323823,4.459297743861147,-38.533992706401534
13.272250360291347,6.044444232278937,2.5869279356310706,5.461412528259808,1.8308422309940553,-39.393288365732246
13.332694802614135,6.062752654588877,2.6415420609136686,5.067479644602485,-0.530447795613657,-39.92470514914406
13.393322329160023,6.05744817663274,2.6922168573596936,4.668232593111044,-2.60743796425714,-40.12720905393811
13.45389681092635,6.031373796990169,2.7388991832908043,4.2669605025716635,-4.392364645803731,-40.01184926830753
13.514210548896251,5.987450150532132,2.781568788316521,3.8668420098885883,-5.886118195380097,-39.59986648492487
13.574085050401573,5.928588968578331,2.820237208415407,3.4708433450393397,-7.097148392530892,-38.920542945577225
13.633370940087357,5.857617484653022,2.8549456418658004,3.0816379155835674,-8.04012096782418,-38.008939674563585
13.691947114933887,5.77721627497478,2.885762021021636,2.7015485188379316,-8.73444832526099,-36.90366120540993
13.749719277683635,5.68987179172217,2.9127775062100154,2.3325119067838322,-9.202806065756244,-35.644773934821075
13.806617995600856,5.597843731064607,2.936102625277854,1.9760641674356214,-9.469730018717502,-34.27198073256035
13.862596432911502,5.5031464308774325,2.95586326695221,1.633344360110018,-9.560367080854272,-32.82312328720716
13.917627897220276,5.40754276006889,2.9721967105533103,1.3051131272379464,-9.499429078815705,-31.333048523874755
13.971703324820965,5.312548469280733,2.98524784182569,0.9917826419991989,-9.310374654069735,-29.832840900379395
14.024828809513773,5.219444722740036,2.995165668245682,0.6934542329954049,-9.014822439190167,-28.3493927311294
14.077023256741173,5.129296498348134,3.002100210575636,0.4099603056841109,-8.632181634993557,-26.90526277130663
14.128316221724655,5.042974681998198,3.006199813632477,0.1409076779710446,-8.17947466232967,-25.518760143246617
14.178745968544636,4.9611799353749015,3.0076088904121874,-0.11427992346142157,-7.671321026822905,-24.204185617177934
14.228357767898384,4.884466725106672,3.006466091177573,-0.3563217796332009,-7.120051307797088,-22.972163384622483
14.27720243514945,4.813266212028702,3.0029028733812413,-0.5860434134794257,-6.535924242518826,-21.830001329441924
14.325335097269736,4.747906969603513,2.997042439246447,-0.804343426773845,-5.927427104410539,-20.782023932825016
14.372814166965771,4.688632698559408,2.9889990049787087,-1.0121636661020952,-5.301648985834952,-19.829827229378584
14.419700493951366,4.635616208701058,2.9788773683176877,-1.210461938395881,-4.664727432469898,-18.972408140318848
14.466056656038376,4.588968934376359,2.966772748933729,-1.4001860197990694,-4.0223805100055845,-18.206120306829625
14.511946345382139,4.548745129276303,2.9527708887357385,-1.5822472228673656,-3.3805480051788015,-17.52440559172349
14.557433796674902,4.514939649224515,2.936948416507065,-1.7574912787846007,-2.746175437562374,-16.917246862699447
14.602583193167147,4.487477894848891,2.919373503719219,-1.926663747411595,-2.128179275502932,-16.37028885857594
14.647457972115637,4.466196102093861,2.900106866245103,-2.0903666359973543,-1.5386237200923392,-15.86359088762993
14.692119933136576,4.450809864892938,2.8792031998851293,-2.2490025448736537,-0.9941044960716632,-15.37002826113773
14.736628031785505,4.440868819932222,2.856713174436393,-2.402702827485031,-0.5172493594466843,-14.853482824034563
14.781036719984828,4.435696326337755,2.8326861461615427,-2.5512376557253766,-0.13807409703346632,-14.267205331358706
14.825393683248205,4.43431558536742,2.807173769604289,-2.6939097090389637,0.10535905010394038,-13.553143717130572
14.86973683910188,4.43536917586846,2.7802346725138993,-2.8294411462102693,0.16794866693387087,-12.643613686782473
14.914090530860564,4.437048662537799,2.7519402610517965,-2.955877283078094,0.0016214572607849915,-11.467281528888215
14.958461017485941,4.437064877110407,2.7223814882210156,-3.0705500983669762,-0.4360614845065906,-9.961533887241071
15.002831666257045,4.432704262265341,2.6916759872373457,-3.170165437239387,-1.1682018245252486,-8.091987246738139
15.047158708879698,4.421022244020088,2.6599743328649517,-3.251085309706768,-2.1818342338825096,-5.876158175116606
15.091368931319899,4.399203901681263,2.627463479767884,-3.309846891457934,-3.414330437090991,-3.40252976243172
15.135360970336711,4.365060597310353,2.5943650108533047,-3.3438721890822514,-4.7521523018290255,-0.8319609212000845
15.179011576309815,4.317539074292062,2.560926288962482,-3.3521917982942524,-6.048820405066381,1.6282289099074447
15.222186967052735,4.2570508702413985,2.5274043709795397,-3.335909509195178,-7.159269050315195,3.7733823668687694
15.26475747575515,4.185458179738246,2.494045275887588,-3.2981756855264903,-7.976325980838481,5.453510780661333
15.306612057552533,4.105694919929862,2.461063519032323,-3.243640577719877,-8.45225588889934,6.6039344380315415
15.34766900675183,4.021172361040868,2.4286271132551245,-3.1776012333395616,-8.597765755250395,7.243773647209453
15.38788073036224,3.9351947034883645,2.396851100921729,-3.105163496867467,-8.46414536440177,7.450380685490175
15.427232677397123,3.8505532498443467,2.3657994659530543,-3.0306596900125653,-8.120554973745373,7.326821192009492
15.465738209895568,3.769347700106893,2.3354928690529286,-2.9573914780924704,-7.635874289231884,6.975832862417085
15.503431686896636,3.6929889572145744,2.3059189542720038,-2.8876331494682996,-7.068438372600643,6.485033080148772
15.540361576468783,3.622304573488568,2.2770426227773206,-2.822782818666812,-6.462536254967119,5.921803806866749
15.576584622203669,3.557679210938897,2.2488147945906527,-2.7635647805981445,-5.849027383852983,5.334098212767832
15.612161414313057,3.499188937100367,2.2211791467846713,-2.7102237984704662,-5.247757403600699,4.7538620461700924
15.64715330368406,3.44671136306436,2.1940769087999668,-2.6626851780087653,-4.670335330874709,4.201008673134047
15.681620417314704,3.400008009755613,2.167450057019879,-2.6206750912774246,-4.12259073493414,3.6869631604545323
15.71562049741226,3.3587821024062716,2.141243306107105,-2.5838054596728792,-3.6064944917461994,3.2174556700505303
15.749208318436322,3.3227171574888095,2.115405251510376,-2.551630902972374,-3.1215535076799483,2.794571160034206
15.78243549001121,3.29150162241201,2.0898889424806524,-2.523685191372032,-2.6657736729703494,2.418185069819543
15.81535050623533,3.2648438856823065,2.064652090566932,-2.4995033406738365,-2.2362989168230225,2.0869364090597524
15.847998945092153,3.2424808965140763,2.0396570571601935,-2.478633976583239,-1.8298199619899729,1.7988708465339116
15.880423754057293,3.2241826968941765,2.014870717394361,-2.4606452681179,-1.4428249809898708,1.5518567697732408
15.912665581026236,3.209754447084278,1.990264264713182,-2.4451267004201673,-1.0717444062927945,1.3438492556834967
15.944763125497078,3.19903700302135,1.9658129977089804,-2.431688207863332,-0.7130262784003557,1.1730543533842706
15.97675349552729,3.1919067402373464,1.9414961156303472,-2.4199576643294893,-0.36316686542006515,1.0380293101970737
16.008672562929664,3.1882750715831456,1.9172965389870522,-2.4095773712275186,-0.018713148622276337,0.9377423924012225
16.040555313645495,3.188087940096923,1.893200765274777,-2.4001999473035065,0.3237517009352885,0.8716075484266939
16.072436193046464,3.191325457106276,1.869198765801742,-2.3914838718192395,0.6676322488008165,0.8395032499761765
16.104349447617526,3.198001779594284,1.8452839270835495,-2.383088839319478,1.0163486249040479,0.8417805628422994
16.136329465413468,3.2081652658433244,1.8214530386903547,-2.3746710336910546,1.3733638024047008,0.8792621816287949
16.1684111180719,3.2218989038673715,1.7977063283534442,-2.3658784118747667,1.742206095218406,0.9532312997276363
16.200630107110577,3.2393209648195556,1.7740475442346966,-2.3563460988774905,2.1264821351406042,1.0654063667273983
16.23302331675877,3.2605857861709615,1.7504840832459216,-2.3456920352102166,2.5298743839571896,1.217894660724915
16.265629174620482,3.2858845300105335,1.7270271628938194,-2.3335130886029676,2.956115300383325,1.4131138644804475
16.298488019920587,3.315445683014367,1.7036920320077897,-2.319381949958163,3.4089275594025823,1.6536662183650195
16.33164247675073,3.3495349586083925,1.6804982125082082,-2.302845287774513,3.891916177873994,1.9421441511591087
16.365137826336813,3.3884541203871326,1.657469759630463,-2.283423846262922,4.408394102061335,2.2808395663057826
16.399022367540685,3.432538061407746,1.6346355211678338,-2.260615450599864,4.961118062217765,2.6713215582342125
16.433347748154763,3.482149242029924,1.6120293666618353,-2.233902235017522,5.551907047760907,3.113840301309636
16.46816924057506,3.5376683125075328,1.5896903443116601,-2.2027638320044254,6.181113120703698,3.6065103934205527
16.503545923700138,3.5994794437145696,1.567662705991616,-2.16669872807022,6.846916163839297,4.144229030865003
16.53954071813728,3.6679486053529624,1.5459957187109137,-2.12525643776157,7.544424877354364,4.717299498813062
16.57622020419081,3.743392854126506,1.5247431543332979,-2.078083442773439,8.264592083077826,5.309767934440765
16.613654132732076,3.826038774957284,1.5039623199055634,-2.0249857634290316,8.993000777247467,5.897552829943056
16.65191452048165,3.9159687827297587,1.4837124622712732,-1.966010235129601,9.708655440669492,6.446563451759013
16.691074208308947,4.0130553371364535,1.464052359919977,-1.9015446006120107,10.383022781579012,6.911169156702347
16.731204761680313,4.116885564952244,1.445036913913857,-1.8324329090449871,10.979696224742225,7.233581220532691
16.772373617329837,4.226682527199666,1.4267125848234072,-1.7600970968396603,11.455174786916041,7.344892190031086
16.814640442601835,4.341234275068826,1.4091116138550106,-1.6866481749393494,11.761284843406091,7.168588037039249
16.858052785352523,4.4588471235028875,1.392245132105617,-1.6149622945689568,11.849643934078802,6.627169242580735
16.902641256587554,4.577343562843676,1.3760955091599274,-1.5486906021431495,11.678188932480925,5.651959722766984
16.94841469221599,4.6941254521684845,1.3606086031384959,-1.4921710049154797,11.219157427614137,4.1952205083009275
16.995355946737675,4.806317026444626,1.345686893089341,-1.4502187998324705,10.467152007795203,2.2425029258157947
17.04341911700212,4.910988546522578,1.3311847050910164,-1.4277937705743124,9.44532223742368,-0.17779039268024782
17.092529002467344,5.005441768896815,1.3169067673852732,-1.4295716745011149,8.20762628903609,-2.9908571747960666
17.142583420156313,5.087518031787176,1.3026110506402622,-1.4594802462490755,6.8358117785780275,-6.080201832286906
17.193458600474184,5.155876149572956,1.2880162481777715,-1.5202822645719445,5.43108894393658,-9.30078974538944
17.245017361969914,5.210187039012322,1.272813425532052,-1.6132901620258389,4.102010901580412,-12.498392116152406
17.29711923236004,5.251207148028126,1.2566805239117935,-1.7382740831873629,2.9512195474362812,-15.530976467281885
17.34963130384032,5.280719343502488,1.23929778307992,-1.8935838478601816,2.0640084245209698,-18.28744588068478
17.402438497275345,5.301359427747698,1.220361944601318,-2.0764583066670292,1.5010165515416738,-20.70000202001012
17.45545209155282,5.316369593263115,1.1995973615346478,-2.2834583268671302,1.2961036251850422,-22.748446955702207
17.508615787485454,5.329330629514965,1.1767627782659764,-2.5109427964241524,1.4590766973063232,-24.45701485786504
17.561909093780603,5.343921396488028,1.151653350301735,-2.7555129450028026,1.981915032382438,-25.886039558613277
17.61534830774548,5.363740546811853,1.124098220851707,-3.0143733405889352,2.846727950965824,-27.12148414542415
17.6689857132136,5.392207826321511,1.0939544874458176,-3.2855881820431767,4.033861950866755,-28.265116466414028
17.722907791476818,5.432546445830178,1.0610986056253857,-3.5682393467073172,5.529133262456365,-29.42727892215774
17.77723325593512,5.487837778454742,1.0254162121583126,-3.8625121359288945,7.329829622166804,-30.723234665743913
17.832111633719666,5.56113607467641,0.9867910907990236,-4.169744482586333,9.449695843972034,-32.273323748636635
17.88772299446643,5.65563303311613,0.9450936459731603,-4.492477720072699,11.923502278290515,-34.20678053354087
17.94427932479759,5.774868055899035,0.9001688687724333,-4.8345455254081084,14.811995376242018,-36.66901894967147
18.002028005356582,5.922988009661456,0.8518234135183522,-5.201235714904823,18.208068888778094,-39.83233126325477
18.061257885453198,6.105068698549236,0.7998110563693039,-5.599559027537371,22.244810976433566,-43.909977720006786
18.12230857243869,6.327516808313572,0.7438154660939302,-6.038658804737438,27.105324166639544,-49.1729278637477
18.185583740521825,6.598570049979967,0.6834288780465558,-6.530388083374915,33.03170718287829,-55.965335665247565
18.251569441021623,6.92888712180875,0.6181249972128067,-7.090041440027391,40.32280803949448,-64.7042572040741
18.32085831223971,7.3321152022036955,0.5472245828125327,-7.737084012068132,49.2870478841858,-75.81683141224352
18.394179464261747,7.824985681045553,0.46985374269185143,-8.495252326190567,60.04901497797718,-89.47389279006951
18.4724293210722,8.425475830825325,0.38490121942994576,-9.389991254091262,71.92569432003359,-104.72316734930723
18.556684079380457,9.14473277402566,0.29100130688903314,-10.437222927584335,81.69330784157387,-117.07092965149859
18.64813140712071,9.9616658524414,0.1866290776131898,-11.60793222409932,79.90645863874687,-113.33276200168581
18.747748065645126,10.760730438828867,0.0705497553721966,-12.741259844116179,48.64870092589528,-68.47788666989784
18.855355370033415,11.24721744808782,-0.05686284306896519,-13.426038710815158,-19.786002731754692,28.225712716438316
18.967827544514293,11.049357420770272,-0.19112323017711677,-13.143781583650775,-84.2828325464361,119.31626436197406
19.078321118721995,10.206529095305912,-0.3225610460136245,-11.950618940031035,-100.74173755309191,143.48921343314078
19.180386409675055,9.199111719774994,-0.4420672354139349,-10.515726805699627,-86.63883638452751,125.30174759678633
19.272377526872805,8.33272335592972,-0.5472245034709311,-9.262709329731763,-67.88365247818432,100.74829568494853
19.355704760432104,7.653886831147876,-0.6398515967682488,-8.255226372882277,-52.456842263463585,80.8460252691207
19.43224362874358,7.12931840851324,-0.7224038604970715,-7.44676612019107,-40.84489264999146,66.24863344658257
19.503536812828713,6.720869482013325,-0.7968715216989822,-6.784279785725244,-32.142171599209995,55.700270729541785
19.570745507648848,6.399447766021225,-0.8647143195562347,-6.227277078429826,-25.495287641874366,48.02001815693018
19.63473998530906,6.1444948896024805,-0.926987090340533,-5.747076896860524,-20.293714838269757,42.35686063699312
19.696184934205085,5.941557741219783,-0.9844578593091382,-5.323508290490593,-16.12724192223683,38.12556513004377
19.755600511617285,5.780285321997415,-1.0376929422140442,-4.942252639190155,-12.725309353136216,34.91851973603467
19.81340336483726,5.653032228466053,-1.0871154686059457,-4.593067441829808,-9.912514493361043,32.44001357306258
19.86993368712192,5.553907083532442,-1.1330461430242438,-4.268667306099182,-7.579774294504925,30.462315646751666
19.925472757957245,5.478109340587393,-1.1757328160852356,-3.9640441496316656,-5.665986890060391,28.79723489581781
19.98025385136312,5.421449471686789,-1.2153732575815523,-3.6760718006734874,-4.145727691473613,27.27853848097257
20.034468346079986,5.379992194772053,-1.2521339755882872,-3.4032864158637617,-3.0196305532184673,25.752840721277103
20.088268268027708,5.349795889239869,-1.2861668397469248,-3.145758008650991,-2.3049595780932073,24.07812165635183
20.141766226920108,5.326746293458936,-1.3176244198334348,-2.9049767920874725,-2.024676467551589,22.12963216274219
20.195033689854696,5.30649952878342,-1.3466741877543096,-2.6836804704600508,-2.1943867345556476,19.812419045310737
20.24809868514253,5.284555661437864,-1.3735109924589102,-2.4855562800069433,-2.8080877582092096,17.078034493514213
20.30094424175691,5.256474783855771,-1.3983665552589797,-2.3147759350718013,-3.8254290576346603,13.94065203240302
20.35350898959547,5.218220493279425,-1.4215143146096978,-2.175369414747771,-5.164491854770866,10.486006920219031
20.405691194528263,5.166575574731716,-1.4432680087571754,-2.070509345545581,-6.7038816144055575,6.866945951998369
20.45735695027558,5.099536758587661,-1.4639731022126312,-2.0018398860255973,-8.295616831826386,3.282907385110288
20.50835231786146,5.016580590269397,-1.4839915010728872,-1.9690108121744945,-9.786494948420819,-0.053466255727794704
20.558518123764152,4.918715640785189,-1.5036816091946321,-1.9695454747317724,-11.042133115681944,-2.9538851788870155
20.607705280172006,4.808294309628369,-1.52337706394195,-1.9990843265206426,-11.966673274825512,-5.285395746146443
20.65578822326829,4.688627576880114,-1.5433679072071564,-2.051938283982107,-12.512919913761065,-6.986655961496666
20.70267449903709,4.563498377742503,-1.5638872900469776,-2.1218048435970736,-12.681416651177223,-8.067111878573606
20.748309482814516,4.436684211230731,-1.5851053384829483,-2.2024759623828096,-12.510691722725875,-8.59248498178092
20.792676324926823,4.311577294003472,-1.6071300981067764,-2.288400812200619,-12.063012369460216,-8.66328980862309
20.835792097866857,4.19094717030887,-1.6300141062287825,-2.37503371028685,-11.410047966590392,-8.3931984158369
20.877701569569947,4.076846690642966,-1.653764443331651,-2.458965694445219,-10.621465518841353,-7.891914178339643
20.918470036476375,3.9706320354545523,-1.678354100276103,-2.5378848362286157,-9.757677639591426,-7.254406131360319
20.958176356830922,3.873055259058638,-1.7037329486383892,-2.610428897542219,-8.866519197358398,-6.556122840490414
20.996906909421508,3.784390067085054,-1.7298372376138114,-2.675990125947123,-7.9828581262911875,-5.852632290971911
21.03475081009236,3.704561485822142,-1.7565971388732826,-2.734516448856842,-7.129975201558469,-5.1818934237735785
21.07179642495058,3.6332617338065574,-1.7839423033618511,-2.786335383094578,-6.321735562007163,-4.567671315353616
21.108129042288645,3.570044378186486,-1.811805657192797,-2.832012096248114,-5.564889441977548,-4.023099797527574
21.14382948607051,3.5143954837667106,-1.840125778155278,-2.87224309422339,-4.861134956731832,-3.5538493405073086
21.178973440908177,3.4657841341993922,-1.8688482090975118,-2.907781587628463,-4.20879185551372,-3.1606856304566167
21.21363128225017,3.423696215644255,-1.8979260249737964,-2.939388443933029,-3.6040668236580955,-2.8414008671555933
21.24786824440661,3.387655547407674,-1.9273199094131266,-2.967802452604585,-3.041957069051434,-2.592196310619514
21.281744799880688,3.35723597671716,-1.9569979339391725,-2.9937244157107803,-2.5168628789233938,-2.4086275347054817
21.315317159647858,3.332067347927926,-1.9869351780962803,-3.0178106910578353,-2.022980623041474,-2.2862224265077455
21.34863783312714,3.311837541697511,-2.0171132850068587,-3.040672915322913,-1.5545380622534828,-2.2208654386711375
21.381756208544115,3.2962921610749762,-2.0475200141600878,-3.0628815697096243,-1.1059211881633637,-2.209020867455459
21.414719130154865,3.2852329491933427,-2.078148829857184,-3.084971778384179,-0.6717298866167744,-2.247848262767191
21.4475714596468,3.278515650327175,-2.1089985476410256,-3.107450261011851,-0.24679002363918398,-2.3352464138913547
21.480356616150072,3.276047750090783,-2.1400730502511442,-3.1308027251507644,0.1738574853739336,-2.4698488755113366
21.51311709365098,3.2777863249445223,-2.171381077502652,-3.1555012139058776,0.5949744964469154,-2.650983056221335
21.545894956900426,3.2837360699089913,-2.2029360896417107,-3.182011044468091,1.0211362035757598,-2.878595492368892
21.578732317599517,3.293947431944749,-2.2347562000863914,-3.21079699939178,1.4567198922510827,-3.153136931883386
21.611671791918965,3.30851463086726,-2.2668641700803094,-3.242328368710614,1.905854362864237,-3.475391010733452
21.644756938227637,3.3275731744959023,-2.2992874537674157,-3.277082278817949,2.37230661041874,-3.846218250743683
21.678032669972595,3.3512962406000897,-2.3320582765555953,-3.3155444613253855,2.8592728807047414,-4.266171349038325
21.711545632378595,3.379888969407137,-2.3652137211688493,-3.3582061748157686,3.3690274436480068,-4.73491678767715
21.745344522072667,3.413579243843617,-2.398795782917007,-3.4055553426925402,3.9023638675246897,-5.250370713135478
21.779480314511105,3.452602882518864,-2.4328513363439326,-3.4580590498238952,4.457741034960498,-5.807424732780661
21.814006343336292,3.4971802928684688,-2.4674319268421714,-3.516133297151702,5.030023832744092,-6.396105564882424
21.848978146264976,3.5474805311959097,-2.5025932598136884,-3.580094352800526,5.608698393596736,-6.998998223609027
21.884452951576936,3.603567515131877,-2.5383942033416935,-3.6500843350366163,6.175471649740458,-7.587804599227557
21.920488626728254,3.6653222316292817,-2.5748950466920597,-3.725962381028892,6.701289905016984,-8.119085619359279
21.957141849044547,3.7323351306794517,-2.6121546705023486,-3.8071532372224848,7.143125132094656,-8.529678198505207
21.994465200351343,3.8037663820003984,-2.6502262028745736,-3.8924500192075366,7.441505725579849,-8.73316422743929
22.032502864171345,3.878181439256197,-2.689150703066649,-3.9797816614819297,7.520789286312389,-8.620209314267841
22.071284678563906,3.9533893321193205,-2.7289485196814685,-4.065983754624608,7.295388826013049,-8.067302621108945
22.110818571885098,4.026343220379451,-2.7696083572277144,-4.1466567808356976,6.68566435969331,-6.95913891347477
22.15108200408889,4.093199863976384,-2.8110749250360714,-4.216248169970445,5.645055513429892,-5.226877749810053
22.192014002728655,4.149650419110683,-2.8532374067357757,-4.268516947468545,4.193219250056992,-2.894916905561611
22.23351050691976,4.191582611611254,-2.8959225762104612,-4.297466116524162,2.4397066891214503,-0.11439314372601649
22.275426333035874,4.215979678502468,-2.938897237375703,-4.298610047961422,0.5775159994415515,2.8457217554970526
22.3175861298209,4.221754838496884,-2.9818833378553173,-4.2701528304064515,-1.1626839993871438,5.662951581480844
22.359803678205868,4.210127998503013,-3.024584866159382,-4.213523314591643,-2.580211378400138,8.05656994129593
22.401904958190897,4.184325884719011,-3.0667200993052983,-4.132957615178683,-3.5577425098602493,9.862893714544352
22.443748217038088,4.148748459620409,-3.108049675457085,-4.03432867803324,-4.074624253590589,11.054310099364896
22.48523570163429,4.108002217084503,-3.1483929622374176,-3.923785577039591,-4.183516676927828,11.706730000357357
22.526315723805137,4.066167050315225,-3.1876308180078134,-3.8067182770360173,-3.9728668090780004,11.94704739117334
22.56697739430829,4.026438382224445,-3.2256980007781735,-3.6872478031242837,-3.5353822584745784,11.908939746156104
22.607241778130533,3.991084559639699,-3.2625704788094163,-3.5681584056627225,-2.9501700089100567,11.707800506930571
22.647152623726928,3.961582859550598,-3.2982520628660437,-3.451080400593417,-2.2766843604028444,11.432227190786886
22.686768452322433,3.93881601594657,-3.332762866871978,-3.336758128685548,-1.555568521504228,11.145186721056827
22.726156612481898,3.9232603307315275,-3.3661304481588337,-3.2253062614749797,-0.8122755110250802,10.88909458104542
22.765389215789213,3.9151375756212765,-3.3983835107735834,-3.1164153156645256,-0.06110175040794067,10.691489252028937
22.804540591545425,3.9145265581171973,-3.4295476639302285,-3.009500423144236,0.691373219456287,10.569886711593721
22.843685857126598,3.92144029031176,-3.459642668161671,-2.903801556028299,1.4436915297396358,10.535457424035307
22.882900260029714,3.9358772056091564,-3.488680683721954,-2.798446981787946,2.197690373551752,10.595624484923679
22.922259032085805,3.957854109344674,-3.5166651535398334,-2.692490736938709,2.957270287342039,10.755817038499357
22.961837573179253,3.9874268122180943,-3.5435900609092204,-2.5849325665537153,3.7275851845768835,11.020610084118813
23.001711841301432,4.024702664063863,-3.5694393865747576,-2.474726465712527,4.514513235663349,11.394433515955738
23.04195886794207,4.069847796420497,-3.5941866512318827,-2.3607821305529697,5.3243030730250585,11.881979465595855
23.082657345906277,4.123090827150747,-3.6177944725374123,-2.241962335897011,6.163318648472941,12.488391206141337
23.123888254177785,4.184724013635477,-3.6402140958963822,-2.1170784238355975,7.037826688270942,13.219281404153273
23.16573549431414,4.255102280518186,-3.6613848801347384,-1.9848856097940648,7.953784238027206,14.080600948232101
23.208286517119323,4.334640122898459,-3.681233736232679,-1.8440796003117437,8.916592155110546,15.078359833090847
23.251632918348307,4.423806044449564,-3.6996745322357967,-1.6932960019808352,9.930785510153399,16.218187046174016
23.295870978792802,4.523113899551098,-3.716607492255605,-1.531114131519095,10.9996355483349,17.5047064491148
23.341102117788314,4.633110255034447,-3.7319186335707957,-1.356067067027947,12.12464202960019,18.94070074544882
23.387433220338657,4.754356675330449,-3.745479304241075,-1.1666600595734589,13.304901515382744,20.526037460184867
23.434976787091962,4.887405690484276,-3.7571459048368094,-0.9613996849716102,14.536348888854807,22.256342307460912
23.483850843996805,5.032769179372824,-3.7667599016865254,-0.738836261897001,15.81088865604244,24.121430238949287
23.534178535790534,5.190878065933249,-3.7741482643054955,-0.49762195950750815,17.115461663639312,26.10354695667222
23.586087316449866,5.362032682569642,-3.7791244839005707,-0.23658648994078596,18.43113280917047,28.175536604277443
23.639707643275564,5.546344010661347,-3.7814903487999785,0.0451688761019885,19.7323342631983,30.299133779716023
23.695171083382178,5.74366735329333,-3.7810386600389587,0.34816021389914875,20.98644986869848,32.423671637956375
23.75260775691511,5.953531851980315,-3.7775570578999673,0.6723969302787125,22.153966066022438,34.485583294369164
23.812143075434914,6.175071512640539,-3.7708330885971804,1.0172527632224042,23.18942206860309,36.40911870044486
23.87389379056132,6.40696573332657,-3.7606605609649564,1.3813439502268527,24.043342358725692,38.10866174080497
23.937963447894585,6.647399156913827,-3.7468471214626877,1.7624305676349024,24.665207964977995,39.49287280936449
24.004437439463725,6.894051236563607,-3.7292228157863385,2.1573592957285475,25.00731800129356,40.47058409599856
24.07337795182936,7.144124416576543,-3.707649222829053,2.562065136688533,25.02914062171997,40.95796943037015
24.144819195995126,7.394415822793743,-3.6820285714621677,2.9716448309922345,24.701521099177338,40.886090635406454
24.218763354223064,7.6414310337855165,-3.6523121231522455,3.380505737346299,24.009994955862265,40.20762890107849
24.29517766456092,7.881530983344139,-3.6185070657787826,3.782582026357084,22.956523102211293,38.901582635277016
24.373992974394362,8.111096214366253,-3.580681245515212,4.171597852709854,21.55924303242353,36.97502156064975
24.455103936538023,8.326688644690488,-3.5389652669881135,4.541348068316352,19.850251011994,34.46157584191303
24.538370822984927,8.525191154810429,-3.49355178630495,4.885963826735482,17.87186306408264,31.417034666354887
24.623622734533033,8.703909785451255,-3.4446921480375954,5.200134173399031,15.67210419965156,27.913007547172835
24.710661832387544,8.860630827447771,-3.392690806303605,5.47926424887076,13.300256938016824,24.029890919039413
24.799268140662022,8.99363339682794,-3.3378981638148977,5.719563158061154,10.803163409546771,19.850331555402068
24.8892044746303,9.101665030923408,-3.280702532234286,5.918066473615175,8.222699725684851,15.454062371856033
24.980221124939536,9.183892028180257,-3.2215218674981343,6.072607097333735,5.594536564356143,10.914551582659044
25.07206004522134,9.239837393823818,-3.160795796524797,6.1817526131603255,2.9480556936992897,6.2974964801568625
25.164458419159576,9.26931795076081,-3.098978270393194,6.2447275779618945,0.3071507593074604,1.6608981433106427
25.257151598667186,9.272389458353885,-3.036530994613575,6.261336559395001,-2.3084017879644745,-2.9437028360462767
25.349875493250725,9.24930544047424,-2.973917629019625,6.2318995310345375,-4.881290806488753,-7.469291282936101
25.442368547655466,9.200492532409353,-2.9115986337092794,6.157206618205176,-7.394972599999467,-11.87117673365913
25.53437347297956,9.126542806409358,-2.8500265675272276,6.038494850868585,-9.832108762462726,-16.104905156997802
25.625638901043654,9.02822171878473,-2.789641619018542,5.8774457992986076,-12.173285234864748,-20.124604596984632
25.715921118231503,8.906488866436082,-2.730867161025556,5.676199753328762,-14.396141235266441,-23.882036980719416
25.804986006895863,8.762527454083417,-2.674105163492268,5.437379383521567,-16.47503041774339,-27.326578766808442
25.892611281436697,8.597777149905983,-2.6197313696570523,5.1641135958534825,-18.38132502912726,-30.406285628838845
25.978589052935757,8.41396389961471,-2.5680902336985176,4.860050739565094,-20.084439021671166,-33.070091532546265
26.062728691931905,8.213119509397998,-2.519489726302867,4.529349824239631,-21.553574128765952,-35.27103902988968
26.144859887025884,7.9975837681103386,-2.4741962280604706,4.176639433940735,-22.76008110022921,-36.97024244922506
26.22483572470699,7.769982957108047,-2.4324298337210633,3.8069370094484842,-23.680191291145793,-38.14108148138757
26.30253555427807,7.5331810441965885,-2.3943604636265783,3.4255261946346085,-24.297745098485827,-38.77296574422327
26.377867364720036,7.29020359321173,-2.3601052016802324,3.0377965371923756,-24.60646854329594,-38.87396637063479
26.450769400652153,7.044138907778771,-2.3297272363083086,2.649056873486028,-24.611368216321605,-38.47172585898481
26.521210789729942,6.798025225615555,-2.303236667573448,2.26433961489618,-24.328943732638038,-37.612333908339075
26.589191041986098,6.554735788289174,-2.2805932714244865,1.8882162758127892,-23.786133418804585,-36.3572371221719
26.65473839986899,6.316874454101129,-2.2617111086663586,1.5246439045910702,-23.018155500601214,-34.778631090882136
26.717907144410002,6.086692899095117,-2.246464669620448,1.1768575936822487,-22.065611575335193,-32.9540541317612
26.778774073400953,5.866036783341765,-2.2346960936836253,0.8473170523646367,-20.971324763054344,-30.9609904539759
26.83743444123437,5.656323535711222,-2.226222923159979,0.5377071478248777,-19.777372024428328,-28.87218963220613
26.893997676591486,5.458549815466938,-2.22084585168173,0.24898525150281642,-18.52265994827893,-26.752173380598773
26.948583174746155,5.273323215984149,-2.218355999166702,-0.018536482303171342,-17.241233296555013,-24.655115704372477
27.001316406905996,5.100910883018599,-2.218541363989734,-0.2650876393468961,-15.961346877657924,-22.624029210964945
27.052325515736182,4.94129741424202,-2.221192240383203,-0.4913279314565456,-14.705210521104767,-20.691018455167146
27.101738489878603,4.7942453090309725,-2.2261055196977684,-0.6982381160082171,-13.489248972993611,-18.87828327113696
27.149680942968914,4.659352819301036,-2.2330879008578504,-0.8870209487195867,-12.324699702026788,-17.199555598221618
27.196274471161924,4.536105822280768,-2.2419581103450463,-1.059016504701803,-11.218387721395464,-15.661703797364897
27.241635529384734,4.423921945066813,-2.2525482753920643,-1.2156335426754519,-10.173551098546946,-14.266310333368528
27.2858747488354,4.322186434081344,-2.2647046108188187,-1.3582966460091372,-9.190630285506684,-13.01110072393822
27.329096613176215,4.2302801312262766,-2.27828757727891,-1.4884076532485195,-8.267970114978624,-11.891161752410502
27.37139941448848,4.147600430076491,-2.2931716538113953,-1.6073192707726245,-7.402411241545355,-10.89993069288415
27.412875418789245,4.073576317661037,-2.3092448465191215,-1.716318577701466,-6.5897672138664465,-10.029965240456802
27.453611181965854,4.007678645522373,-2.3264080322961362,-1.816618230106034,-5.825195330602247,-9.273518930203837
27.493687968421078,3.9494266922163503,-2.3445742145971966,-1.9093534194080723,-5.103475771345633,-8.622952658934368
